-1.00000000000000000e+01 7.17304160660334547e-03
-9.00000000000000000e+00 7.17552767403801736e-03
-8.00000000000000000e+00 7.22525160019451673e-03
-7.00000000000000000e+00 7.30979354338600739e-03
-6.00000000000000000e+00 5.74310334628201809e-03
-5.00000000000000000e+00 7.55409269950898404e-04
-4.00000000000000000e+00 5.56635859610060636e-04
-3.00000000000000000e+00 4.09447197248122524e-04
-2.00000000000000000e+00 4.43787344950263949e-04
-1.00000000000000000e+00 5.22287964572692412e-04
0.00000000000000000e+00 4.78129850259538709e-04
1.00000000000000000e+00 5.56635859610060636e-04
2.00000000000000000e+00 4.73223633720003603e-04
3.00000000000000000e+00 4.75676735974892104e-04
4.00000000000000000e+00 4.29069850119771800e-04
5.00000000000000000e+00 4.14352788300050283e-04
6.00000000000000000e+00 4.65864399133001847e-04
7.00000000000000000e+00 4.29069850119771800e-04
8.00000000000000000e+00 4.87942427697475687e-04
9.00000000000000000e+00 5.02661654762167503e-04
-8.50000000000000000e+00 6.81766028163870597e-03
-8.42500000000000071e+00 6.80523889892320315e-03
-8.35000000000000142e+00 6.97668105437467771e-03
-8.27500000000000213e+00 7.03881218810312442e-03
-8.20000000000000284e+00 7.13823795113811919e-03
-8.12500000000000355e+00 7.38937539656479240e-03
-8.05000000000000426e+00 7.13078033790371345e-03
-7.97500000000000409e+00 7.33714838716048416e-03
-7.90000000000000391e+00 7.29238668904907700e-03
-7.82500000000000373e+00 7.09349392832461269e-03
-7.75000000000000355e+00 7.03881218810312442e-03
-7.67500000000000338e+00 6.96922583351842258e-03
-7.60000000000000320e+00 6.80772315094688770e-03
-7.52500000000000302e+00 7.26006126988123709e-03
-7.45000000000000284e+00 7.19293048973143785e-03
-7.37500000000000266e+00 7.19541665535311861e-03
-7.30000000000000249e+00 7.00650304174533275e-03
-7.22500000000000231e+00 7.34709597144112686e-03
-7.15000000000000213e+00 7.12332283511210758e-03
-7.07500000000000195e+00 7.17552767403801736e-03
-7.00000000000000178e+00 7.28741341259300617e-03
-6.92500000000000160e+00 7.39932401237417773e-03
-6.85000000000000142e+00 7.02141469783236927e-03
-6.77500000000000124e+00 7.47145735392881153e-03
-6.70000000000000107e+00 7.43414571518160715e-03
-6.62500000000000089e+00 7.02141469783236927e-03
-6.55000000000000071e+00 7.44907003903539852e-03
-6.47500000000000053e+00 6.74313658244119797e-03
-6.40000000000000036e+00 7.10343670092507609e-03
-6.32500000000000018e+00 6.95680071073380771e-03
-6.25000000000000000e+00 6.79778621640894296e-03
-6.17499999999999982e+00 6.61150500550136428e-03
-6.09999999999999964e+00 6.59412227619331909e-03
-6.02499999999999947e+00 5.96130330164490550e-03
-5.94999999999999929e+00 5.08659528190576107e-03
-5.87499999999999911e+00 4.62878612545980072e-03
-5.79999999999999893e+00 3.99596466622376394e-03
-5.72499999999999876e+00 3.20605807292306940e-03
-5.64999999999999858e+00 2.80417701951127208e-03
-5.57499999999999840e+00 2.31397325420298113e-03
-5.49999999999999822e+00 1.82178879035188503e-03
-5.42499999999999805e+00 1.77505640652965424e-03
-5.34999999999999787e+00 1.40135423339051639e-03
-5.27499999999999769e+00 1.35957593010699903e-03
-5.19999999999999751e+00 8.70783140657232797e-04
-5.12499999999999734e+00 7.35773813319468093e-04
-5.04999999999999716e+00 7.97137173817600349e-04
-4.97499999999999698e+00 8.26594259952857140e-04
-4.89999999999999680e+00 6.79326167300622636e-04
-4.82499999999999662e+00 8.60963052175342134e-04
-4.74999999999999645e+00 5.81171514258319749e-04
-4.67499999999999627e+00 5.39461617305928682e-04
-4.59999999999999609e+00 6.20431064713657565e-04
-4.52499999999999591e+00 5.81171514258319749e-04
-4.44999999999999574e+00 5.41915044395347876e-04
-4.37499999999999556e+00 6.08162124251445594e-04
-4.29999999999999538e+00 4.70770543494784734e-04
-4.22499999999999520e+00 5.22287964572692412e-04
-4.14999999999999503e+00 5.05114901379993516e-04
-4.07499999999999485e+00 4.80582976574031834e-04
-3.99999999999999467e+00 4.51146254750521005e-04
-3.92499999999999449e+00 4.97755197618621453e-04
-3.84999999999999432e+00 4.19258427462162553e-04
-3.77499999999999414e+00 4.14352788300050283e-04
-3.69999999999999396e+00 4.83036114918460058e-04
-3.62499999999999378e+00 4.85489265292911852e-04
-3.54999999999999361e+00 4.31522735854145297e-04
-3.47499999999999343e+00 4.38881465226612403e-04
-3.39999999999999325e+00 4.65864399133001847e-04
-3.32499999999999307e+00 4.65864399133001847e-04
-3.24999999999999289e+00 5.14928008160382960e-04
-3.17499999999999272e+00 4.68317465299146972e-04
-3.09999999999999254e+00 3.97183430095716320e-04
-3.02499999999999236e+00 4.43787344950263949e-04
-2.94999999999999218e+00 3.84919963616482403e-04
-2.87499999999999201e+00 4.56052254761577858e-04
-2.79999999999999183e+00 5.10021430708194196e-04
-2.72499999999999165e+00 4.53599248741568580e-04
-2.64999999999999147e+00 5.24741307439556678e-04
-2.57499999999999130e+00 5.10021430708194196e-04
