1631+bno4-2699+bno7;0:4,2:1,3:7,4:2,5:5,7:6;	175227,178311,174437,177141,175195,179631,185183,174102,185757,178012	40378,42034,34420,33139,41709,117332,42862,40201,41957,31364
1629+bno2-1629+bno5;0:0,1:1,2:2,3:3,4:4,5:5,6:6,7:7;	172414,174317,172802,172703,173309,172061,181578,181504	40378,31364,41709,37216,37788,41957,42761,42034
1276+bno0-1276+bno6;1:4,2:5,5:2,6:7;	179025,172414,176138,173309,175195,172703,181578,174317,175227,178491,185757,179049	35281,33721,43386,36232,40201,35851,43767,34420,31364,35303,33139,31667
1276+bno5-1627+bno7;0:0,1:1,2:4,5:3,6:6;	185757,175195,175133,175227,172644,175959,178268,175388,178250,266820,179709	40378,42034,39764,31364,33228,2768718,31767,37384,43532,30975,42761
1365+bno5-1365+bno5;0:0,1:1,3:3,4:4,5:5,6:6,7:7;	175195,173846,172802,176138,172414,177701,181504,179971,175227	41709,30977,33418,50320,5740816,35098,42512,43386,34420
2699+bno5-2699+bno5;0:0,1:1,2:2,4:4,5:5,6:6,7:7;	175195,172703,174874,179709,178311,266820,178250,181578,173293	31364,41957,41087,42034,34420,40378,40830,41709,40201
1627+bno2-1719+bno2;0:0,2:1,3:5,4:4,5:6,6:2,7:7;	176138,172498,353452,176023,178096,173042,175716,190181,180208	42034,32979,44861,41087,42761,31364,40378,35680,34420
1276+bno0-1276+bno6;0:1,1:4,2:5,5:2,6:7;	172802,175085,171951,185299,175195,180819,178250,178311,175227,185757,3565059	33139,42862,38173,39690,40378,43580,2768677,42034,41709,41087,42834
1276+bno6-1276+bno7;0:3,1:5,5:1,6:6;	175917,181578,179709,174951,172414,191174,186939,179876,172061,179040,181504,172802	41709,43580,2768677,42034,40378,31500,41957,33675,31364,34816,41087,42761
1627+bno0-1627+bno0;0:0,2:2,4:4,5:5,7:7;6:3	185757,178311,175195,188506,172737,175227,187528,172374,172703,174317,181578	31248,43386,33721,41473,2768670,33418,42512,33125,40378,49297,41087
1627+bno0-1631+bno3;1:0,3:4,4:3,5:6,6:7,7:1;	171957,176138,174090,172061,172802,181504,172943,172414,171889,175455	318161,34420,41709,40378,41087,42761,42034,31364,318095,31429
1718+bno1-2212+bno0;1:7,3:5,4:3,6:4,7:0;	173751,176138,172414,177251,172061,179971,172802,176945,179741,176071,172939	33228,33139,40201,34304,42761,34420,31364,37384,37344,36748,32268
1276+bno7-1627+bno7;0:2,1:1,3:3,4:4,7:5;	178015,174792,176931,172061,183109,176138,181504,172802,173846,171646,179971	43767,35851,40999,31364,41842,33139,40201,34420,41087,35119,42761
1276+bno0-1278+bno0;0:0,1:1,2:2,3:3,4:4,5:5,6:6;	174317,175946,184429,175227,172703,181578,178311,173293,175783	32007,33754,33139,31364,40378,41087,34420,40201,37238
1718+bno0-1718+bno0;0:0,1:1,2:2,3:3,4:4,5:5,6:6;7:7	185352,178539,4927009,172061,176138,181504,172802,172414,187037	37810,40983,48581,42034,42761,41087,40378,44432,40723
1276+bno6-1278+bno4;0:1,3:2,4:5,7:6;	172703,178250,176189,181578,175227,185757,175195,178311,173846,176150,177989,171647	32504,43767,35851,34469,31364,33139,40201,34420,32919,34489,35955,37528
1276+bno6-1718+bno0;0:2,3:6,4:4,7:5;	173621,172234,172156,186579,175195,184429,173293,178311,186588,172981,176449,174332	39943,35098,37957,42830,31364,33139,40201,34420,39945,38937,42862,42239
4113+bno4-4113+bno5;0:0,1:1,2:2,3:3,4:4,5:5,6:6,7:7;	172703,184429,176617,175195,178311,185757,173293,181578	42034,34420,41087,34500,44432,31364,42761,40378
1276+bno5-1276+bno5;0:3,1:1,6:6,7:4;	175227,185757,175195,185268,181578,189693,177800,174317,178250,181704,191170,180819	43767,33139,40201,3772180,31364,32610,36481,34420,32979,34192,34934,31816
1276+bno0-1276+bno7;0:1,1:0,2:5,5:2,6:7;	172802,175085,171951,185299,175195,180819,178250,178311,184429,173293,3565059	33139,42862,38173,39690,41709,43580,2768677,42034,41087,40378,42834
1276+bno5-1276+bno5;1:6,3:4,4:3,6:1;	181578,180997,180896,178272,175565,172414,176138,178878,172802,171923,175161,179971	33139,32629,41503,38983,48339,42034,41709,48337,41087,40966,41920,40378
1309+bno3-1627+bno3;0:0,1:3,2:1,3:2,4:5,6:4,7:7;	172414,181728,174437,181504,182446,175350,178501,177594,178012	34309,40279,43580,34420,318794,40689,43378,40690,2768677
1276+bno3-1276+bno7;1:3,2:2,4:6,5:7,6:4,7:5;3:1	176556,183464,175922,174316,174691,175916,178867,177377,172802,187164	43183,34442,41087,32323,41834,42034,40378,41600,41709,37926
1276+bno5-1276+bno5;0:3,3:0,4:7,7:4;	3896821,181697,180176,180009,176138,172802,179971,172414,3896822,174090,175904,177403	43767,37334,33319,3772180,43580,40378,42034,2768677,37337,41709,41957,45396
1276+bno5-1629+bno5;1:6,2:7,6:1,7:2;	175195,172703,181578,3565703,181552,180819,177816,174317,178250,172429,187528,175227	31364,33139,40201,42930,41503,31816,59240,34420,32979,32629,35851,43767
1276+bno5-2699+bno1;0:1,2:2,3:3,4:4,5:7,6:0,7:6;	173846,172414,175275,172061,172802,176874,176736,181504,176138	38656,31364,251466,33139,40201,31600,32145,34420,42761
1276+bno5-1276+bno5;1:6,3:4,4:7,6:1,7:2;	177374,175429,177786,172637,176138,176015,172186,174050,172802,172414,177962	32979,35851,32629,59240,40201,34420,41503,31816,31364,33139,42930
1327+bno5-1327+bno7;0:0,1:1,2:2,3:3,4:4,5:5,6:6,7:7;	174090,172061,176138,172429,176559,181504,172802,173873	40378,42433,41957,2768677,43580,41709,38159,42034
1276+bno5-1627+bno7;0:5,1:1,4:0,6:6,7:7;	172264,176138,177233,172802,184759,172414,183139,179971,172061,179741,174800	36748,40378,33458,31364,34761,41087,43222,42761,34420,32152,36491
1633+bno5-1633+bno5;0:0,2:2,3:3,4:4,5:5,6:6,7:7;1:1	172414,172703,175660,178272,174881,174979,176138,181578,181504	31364,32919,33721,40201,33139,31248,34420,36365,42761
1309+bno4-1627+bno4;0:0,3:2,4:5,5:3,6:4,7:7;	177374,175195,172802,172414,176138,174317,180111,181504,172703,181578	32919,41709,31364,3355064,3354896,42034,34119,36286,41087,40378
1642+bno7-1734+bno7;0:0,2:2,3:6,4:4,5:5,6:1,7:7;	172061,174090,178732,181504,172414,175836,172802,176718,176138	31364,41087,36748,40201,42862,45655,34420,42761,33139
1719+bno3-1719+bno6;0:5,1:3,3:1,4:7,5:0,6:6,7:4;	172061,181578,174124,176138,181504,172802,172414,176361,172703	33139,40378,44432,31364,34420,40201,42761,41087,42034
1718+bno7-2699+bno0;1:4,2:0,3:5,4:2,5:7,6:6;	185757,179677,177698,186791,182753,185428,181865,3565447,172317,3565590	40378,42034,2768677,33090,40657,33212,44446,32268,36748,43580
1330+bno7-1398+bno0;0:5,1:1,3:3,4:4,5:0,6:7,7:6;	174792,172414,173846,172061,172802,178381,176195,179971,176138	45928,41087,37216,31364,34420,36426,3355144,42761,40378
1276+bno5-1631+bno5;1:1,3:2,4:5,6:6;	181578,180781,172021,178272,3565842,172414,176138,181471,172802,176526,175275,181504	31248,35851,31826,43767,40562,31364,34420,36425,41087,40877,43532,42761
1276+bno7-1774+bno0;0:3,1:7,3:2,4:5,6:0,7:4;	177906,177971,172061,178403,172414,181504,179316,172802,3565170,176011	2768677,35478,41709,36246,41087,40378,43434,42034,33944,2768981
1277+bno4-1629+bno6;0:3,1:0,2:5,5:2,6:7,7:4;	172489,182136,178250,172703,175227,174317,181578,179709,172496,173449	41957,41709,40378,32919,43439,3354896,34119,42034,44432,41087
1276+bno3-1276+bno5;1:3,2:2,3:1,5:7,6:4;7:5	180819,172429,187528,184429,175227,172524,178311,173293,175195,171722,172873	33139,31310,43594,41087,41709,31474,42034,40378,2768677,41957,33675
1276+bno0-1276+bno6;0:1,1:7,5:3,6:4;	175879,184429,185757,176608,179413,181504,172061,172802,172414,175275,172737,179358	44432,43767,35851,45680,41621,42034,41087,40378,41709,34119,318847,41295
2820+bno4-2820+bno5;0:0,1:1,2:2,3:3,4:4,5:5,6:6,7:7;	174090,181504,172061,177853,178346,172802,177583,179971	37216,40378,44432,42907,41162,41087,33981,42761
1276+bno5-1734+bno6;0:1,1:3,2:2,5:5,6:4,7:7;	172703,181578,175195,176161,180819,177374,172679,174317,175227,185757	41709,41957,37216,31364,33139,40201,34420,43359,43580,42761
1276+bno7-1627+bno7;1:6,2:5,4:0,5:4,6:3,7:7;	175227,172703,175620,266820,181578,171652,172027,179709,174793,178250	2768677,33139,41547,31364,40201,36491,36626,34420,41638,42761
1278+bno5-1718+bno1;1:7,2:3,3:2,4:5,5:6,6:1,7:4;	175227,172027,178250,172703,181578,266820,171652,179709,175620	43580,41742,32268,40378,42034,31217,33942,2768677,2768688
1311+bno4-1321+bno4;0:0,1:4,2:2,4:1,5:5,6:6,7:7;	176138,172802,178250,173327,172414,177224,177084,181504,178311	41087,30977,2768677,41957,40378,41709,42034,42144,43580
6253+bno5-6253+bno6;0:0,1:1,2:2,3:3,4:4,5:5,6:6,7:7;	172802,176138,171889,175455,172943,172414,179971,172061	31364,40378,33139,40201,41343,41087,42761,34420
1276+bno3-1276+bno7;1:4,3:6,4:1,6:3;5:7	177374,172414,181504,180010,172061,180446,174657,172802,174090,179670,176112,176071	33139,2768677,42034,43793,41087,49424,38956,40378,31364,41166,41746,35422
1276+bno6-1276+bno7;0:0,1:6,3:3,4:4,6:1,7:7;2:2	179941,175712,175227,172718,172703,181578,180449,179709,173744,177629	37292,40104,31364,31991,33139,40201,41847,34420,34754,36383
1276+bno4-1276+bno5;0:0,1:2,2:1,5:6,6:5;	172703,181578,174317,175195,178250,179677,179695,177046,184429,173293,178311	32594,31773,36390,43580,41087,41709,42034,40378,32601,37065,37580
1276+bno7-1629+bno6;1:0,2:5,5:2,6:7;0:4-7:4	174090,173421,180245,180748,176138,172061,172802,181504,173415,172250,172693,181034	37216,45247,31364,42761,41709,41087,40378,42034,44819,33034,31022,36015
1276+bno5-1629+bno7;0:0,1:1,2:4,4:2,5:3,6:6,7:7;	172061,172414,174531,171934,172802,178771,190780,181504,171766	41709,41087,34132,40966,42034,41226,37901,40378,2768677
1276+bno5-1276+bno6;1:1,4:4,5:5,6:6;0:3-3:3	172802,175751,176138,181324,172142,172414,176388,172963,172703,178154,181504,175956	31816,46415,42761,39651,37358,31364,42689,37357,43580,41853,34420,49297
1742+bno4-1742+bno5;0:0,1:1,2:2,3:3,4:4,5:5,6:6,7:7;	178250,175195,175227,173293,176449,191167,185757,178311	33721,326208,43767,33139,40201,34420,42862,31248
1309+bno2-562+bno6;0:1,2:3,3:2,4:7,5:5,6:4,7:6;	175227,3565059,172703,353391,174951,181578,179709,175917,172414	41709,42453,41087,42881,34119,40378,42034,41703,32919
1276+bno5-1276+bno5;1:6,3:0,4:7,6:1,7:2;	177374,175429,177786,172637,172802,176015,172186,174050,172414,176138,177962	32979,35851,32629,59240,31364,34420,41503,31816,33139,40201,42930
1627+bno4-4067+bno6;0:2,2:1,3:7,4:3,5:5,6:0,7:6;	172703,172802,172414,179709,174371,176138,181578,181504,172061	42761,43580,41957,40378,42034,41709,41087,42828,2768677
4113+bno4-4113+bno6;0:0,1:1,2:2,3:3,4:4,5:5,6:6,7:7;	172703,184429,176617,175195,178311,185757,173293,181578	42034,34420,41087,34500,44432,31364,42761,40378
1276+bno7-1627+bno0;0:3,3:7,4:5,7:4;	181198,177617,189240,181427,172061,172414,181504,172802,181202,174090,176138,172943	37946,31816,34192,38871,42761,33139,40201,34420,37948,40378,42862,41087
1309+bno6-1774+bno1;0:2,2:0,3:4,4:6,5:7,6:1,7:5;	174437,172414,179841,172802,176011,173431,173260,181504,172061	36748,41709,35218,40378,33529,40909,41094,42034,41087
1276+bno5-1276+bno7;1:5,3:0,5:1,6:6;	172061,179040,181504,172802,186939,172414,191174,179876,175917,181578,179709,174951	31364,34816,41087,42761,41957,40378,31500,33675,41709,43580,2768677,42034
1718+bno0-1718+bno7;0:2,2:7,3:3,4:6,5:1,6:4;	177342,177046,172957,172061,176138,181504,172802,172414,172943,179333	40201,42862,59172,40378,31364,42761,41087,34420,42034,33203
1276+bno5-1623+bno5;0:1,1:2,2:3,5:4,6:5,7:6;	176138,172414,172802,172180,177442,176338,173304,179971,174964,173846	40378,42034,31364,43766,33019,40179,36775,35422,32979,31816
1277+bno5-1629+bno4;0:3,1:0,2:5,5:2,6:7,7:4;3:1	174317,180819,172679,176023,176301,186376,174482,177374,175195,185757	42034,41709,44432,31364,33139,40201,34420,37995,40378,41087
1276+bno5-1276+bno7;1:2,2:1,5:6,6:5;3:0	177374,175195,185757,172679,178614,174049,173717,174589,178311,172414,176138,177203	32919,42034,41709,32537,31364,37325,38762,32785,2768677,33139,40201,34420
1627+bno3-1850+bno7;0:4,2:2,3:7,4:1,5:6,6:0,7:5;	175195,172802,176138,181578,172703,173309,174317,181504,172061	41087,34420,41225,42034,41709,31521,40378,31364,40201
4113+bno5-4113+bno6;0:0,1:1,2:2,3:3,4:4,5:5,6:6,7:7;	172703,184429,176617,175195,178311,185757,173293,181578	42034,34420,41087,34500,44432,31364,42761,40378
1718+bno0-1718+bno0;2:2,3:3,4:4,5:5;	172222,175244,171696,186892,172061,172414,181504,172802,172241,177203,176138,178614	34654,31369,42761,42574,33139,31364,34420,40201,34681,326246,37238,31078
1629+bno5-2300+bno2;1:0,2:5,3:1,4:6,5:4,6:7,7:2;	175227,173846,173293,171607,175195,185757,178860,178311,176449	33139,32740,34420,31169,31521,31364,41993,40201,42761
1278+bno7-1627+bno7;0:5,3:6,4:3,7:4;	177374,176023,175429,174050,172805,176435,182578,172832,172802,186447,176138,181504	33721,42862,33139,31248,34420,31782,36854,40201,41087,35851,31364,42761
1309+bno7-1774+bno7;0:0,1:3,2:2,4:1,5:5,6:6,7:7;	179971,181504,176023,174765,172061,174630,172969,172802,175429	31364,41087,33139,42202,34420,31943,40201,42761,42862
1276+bno5-1276+bno7;0:3,1:1,3:0,4:7,7:4;	175275,259626,4927056,172414,179721,172061,172802,181504,179959,181450,186785	41709,41957,35540,40378,40429,43580,2768677,42034,32268,32979,32504
1277+bno6-1629+bno0;0:3,1:0,2:5,5:2,6:7,7:4;	172703,181578,175195,177704,175227,171722,175792,174317,184429,185757	44432,41087,42034,32177,40966,38700,42390,40378,41957,41709
1276+bno7-1718+bno0;1:6,2:0,5:7,6:1;	185757,172703,181578,175545,172802,181999,175395,176758,176138,172061,179971,172414	32919,40378,42034,34119,31364,35649,40232,36491,33139,42761,34420,40201
1629+bno7-1850+bno1;1:0,2:4,3:1,4:6,5:3,6:7,7:5;	172802,266652,172414,178732,172401,176138,178638,179971,174090	40378,33775,41709,50374,49816,41957,38287,42034,2768677
1276+bno5-1276+bno6;0:0,1:1,3:4,4:3,5:5,6:6;	173347,172743,172802,259571,172414,176138,177073,178383,172264,179971	38017,33214,43580,32844,42034,41709,42816,38631,32268,2768677
1309+bno6-1309+bno7;0:0,2:5,3:4,4:3,5:2,7:7;	172703,175956,172802,174642,176138,172414,171801,181504,175195,172881	44289,34685,41087,36642,34420,31364,36688,42761,41957,36545
1718+bno6-1719+bno6;1:5,2:0,3:3,4:6,5:7,6:4,7:2;	172703,3565732,172802,178160,172414,181504,178181,176453,176138	42034,41087,32919,31364,34420,47998,42761,40378,40201
1276+bno7-1627+bno6;0:2,1:1,5:3,6:6;	175395,172943,175922,176758,172802,173146,180768,175223,172414,180022,178640,181504	49228,43580,36321,32323,42034,42079,44703,42540,41087,48317,42037,40378
1276+bno7-1276+bno7;0:3,1:5,5:1,6:6;	175917,181578,179709,174951,172414,191174,186939,179876,172061,179040,181504,172802	41709,43580,2768677,42034,40378,31500,41957,33675,31364,34816,41087,42761
1276+bno5-1276+bno6;1:1,4:3,5:5,6:6;	175227,173276,184429,177701,187813,185757,190226,175677,180819,176301,172679,177374	37216,40062,31364,43768,35546,34420,41205,45845,32919,34179,40201,37528
1627+bno0-1631+bno3;1:0,2:1,3:4,4:3,5:6,6:7;	171957,172414,174090,176138,172061,172802,181504,172943,171889,175455	318161,31364,41709,34420,40378,41087,42761,42034,318095,31429
1309+bno2-1627+bno3;0:0,3:2,4:5,5:3,6:4,7:7;	179779,178311,179666,260219,190704,175195,177107,191342,184429,185757	43580,41709,30977,32979,32268,42034,2768677,35698,41087,40378
1276+bno5-1276+bno7;1:1,3:3,5:5,6:6;2:2	174090,178201,172802,174624,187054,181504,172212,180385,175195,176631,172414,176289	31364,36080,44432,34500,39493,41087,38422,33170,41709,38424,40378,31469
1718+bno0-1718+bno0;0:0,2:2,3:6,4:4,5:5,6:3;	175455,176465,178086,176138,172802,179971,172414,172061,180986,180928	37216,37851,35336,33139,31364,34420,40201,42761,39651,46415
1276+bno5-1627+bno7;0:2,1:6,4:0,6:1,7:7;	173846,176138,176736,172802,192060,172414,178248,179971,175922,176006,172061	43767,33139,35851,31364,5740629,40201,40861,34420,32268,36748,42761
1309+bno3-1718+bno7;0:1,3:3,4:4,5:2,6:5,7:6;	175227,172703,177251,174521,174772,181578,179709,176945,181504,172802	41709,41087,33721,30977,35266,40378,42034,43386,33139,31248
1327+bno5-1327+bno6;0:0,1:1,2:2,3:3,4:4,5:5,6:6,7:7;	178250,175227,172703,173392,179902,181578,174317,179709	40378,42433,41957,2768677,43580,41709,38159,42034
1276+bno5-1309+bno7;0:1,2:5,3:3,4:4,5:2,7:6;	172703,181578,175227,175912,184429,173293,176926,172948,175195,185757	41709,42034,33139,53569,31364,34420,42993,40201,41087,42761
1710+bno5-4067+bno7;0:7,2:4,3:5,4:6,5:2,6:1,7:3;	172802,178311,178942,176138,172414,173153,181504,171602,175195	40201,41957,32703,42761,31364,35237,34420,45959,41709
1627+bno7-1629+bno4;1:2,3:4,4:3,5:6,6:5,7:1;	181504,179971,182684,185623,177481,172061,181221,172802,180752,176803	34420,44432,48071,42034,40378,41087,41709,42761,32919,34119
1276+bno6-1627+bno7;0:5,1:1,4:0,5:3,6:6,7:7;	180692,176138,172802,172620,172414,175913,181428,179971,172061,173811	45959,40378,31364,37058,41087,31374,36205,42761,34420,41860
1276+bno3-2820+bno3;0:0,2:2,3:3,4:4,5:5,6:1,7:6;	176138,174090,172061,177853,178346,172802,181504,177583,179971	42034,37216,44432,42907,41162,41087,40378,33981,42761
1276+bno5-1276+bno7;1:6,3:0,4:7,6:1;	178250,178491,175837,180819,181065,175195,174317,176143,175879,172703,181578,176608	43580,39077,43726,2768677,37911,41709,42034,42481,34119,41087,40378,33661
1276+bno0-1276+bno5;0:1,1:3,2:2,5:7,6:4;7:5	172703,181578,179709,178829,184429,178250,178311,173293,175195,180819,178491	33139,40201,37628,43658,41087,41709,42034,40378,2768677,41957,33675
1309+bno0-1309+bno0;0:0,1:5,3:3,4:4,5:1,6:6,7:7;2:2	172414,191497,172802,180115,186045,177342,176957,180200,181504	40201,37776,43767,41166,33721,33139,31248,35536,34420
1321+bno7-1321+bno7;0:0,1:1,3:3,4:4,5:5,6:6,7:7;2:2	172414,172061,176516,179100,181510,181504,179897,172802,176138	42862,43767,33721,40713,59159,33139,42734,31248,40201
1627+bno7-1627+bno7;0:0,1:3,2:2,3:1,5:5,6:6,7:7;	176957,172414,174653,172061,186045,172802,180200,179971,179040	40201,41087,35851,31364,36854,34420,31782,42761,43767
1277+bno4-1629+bno5;0:3,1:0,2:5,5:2,6:7,7:4;	172489,182136,178250,172703,175227,174317,181578,179709,172496,173449	43580,2768677,40378,41957,32323,33841,41709,42034,42761,41087
1309+bno7-1321+bno7;1:1,2:2,3:3,4:4,5:5,6:6;	172802,181504,181775,172703,172414,176138,181578,178272,175195,174317	31364,42761,42034,37035,44432,41087,37962,40378,32919,34119
2200+bno5-2300+bno6;1:7,2:6,3:3,4:5,5:4,6:1,7:2;	172061,185757,175571,176138,181504,172414,184429,172802,175195	33139,42034,31521,42761,34420,31364,41709,40201,40378
1774+bno4-2699+bno7;1:4,2:7,3:1,4:5,5:2,6:6,7:3;	172802,172414,174317,176369,172703,181578,175956,181504,175195	42034,41087,40201,36542,31364,34420,37238,40378,33139
1276+bno5-1278+bno6;0:0,1:1,3:3,4:4,6:6,7:7;	173846,176736,172802,174527,176138,172414,189639,179971,174090,175628	41200,38873,31364,34402,33139,40201,42369,34420,31816,32143
1774+bno1-2348+bno1;0:0,1:1,2:3,4:2,5:5,6:6,7:7;	172061,181060,172728,172414,172802,181504,172743,180657,176138	33139,35033,34215,31364,40201,34420,41343,40860,42761
1276+bno5-1276+bno5;1:1,2:2,4:0,5:5,6:6;3:3,4	173846,181504,176195,189084,175517,172802,182923,174760,176138,172414,178015	33721,34420,31248,42944,32498,43767,42945,43826,31364,35422,3772180
1718+bno1-4067+bno1;0:0,1:3,3:6,4:1,6:5,7:7;	176138,172414,180200,179040,172061,179971,172802,174653,178012,174437	33139,40201,39775,41860,42761,34420,31364,33843,36748,38490
1276+bno7-1627+bno5;0:1,1:2,2:3,5:4,6:5,7:6;	172703,181578,175227,172414,179941,175207,176138,179709,172802,181504	34167,34686,41957,44432,42034,40378,41087,41709,36748,34416
1718+bno2-1718+bno7;2:7,3:3,4:6,5:1,6:4;	172679,185679,177914,172061,176138,181504,172802,172414,172943,185773,3565555	41957,32143,40138,40378,31364,42761,41087,34420,42034,40149,43767
1276+bno0-1276+bno5;0:1,1:7,5:3,6:4;	181030,175227,179709,180456,171657,172802,172414,181504,172061,176946,178203,3565105	44432,43767,35851,45680,41621,42034,41087,40378,41709,34119,318847,41295
1627+bno6-1627+bno7;0:0,1:1,2:5,5:2,6:6,7:7;	171765,177481,172414,259649,172802,172061,179177,179971,191101,172977	37982,36491,41087,32081,34420,31364,32409,42761,33078,31816
1276+bno7-1627+bno3;0:1,1:2,2:3,5:4,6:5,7:6;	172414,176138,178311,176580,178614,3565796,177475,177203,177981,172686	33139,40201,31364,35865,31816,34192,31247,34420,33563,33988
1276+bno6-2300+bno0;0:3,1:0,2:6,5:1,6:7,7:4;	176138,172414,172802,182698,172009,190814,189528,179971,176071,172061	33139,40201,31364,33907,38719,40052,33857,34420,34816,42761
1276+bno7-1627+bno6;1:5,2:6,5:3,6:4,7:1;	175227,172703,181578,172414,180603,181302,178795,179709,172802,176138,181504	41709,41087,40378,41347,32078,33349,33901,42034,40201,31364,34420
1718+bno0-1718+bno0;0:0,2:2,3:3,4:4,5:5,6:6;	176122,172393,179100,176138,172061,179971,172414,172802,172118,181510	34816,41633,39279,33139,31364,34420,40201,42761,43441,38315
1276+bno6-1627+bno0;0:7,3:3,4:4,7:5;2:2	174531,175275,172687,189017,172414,172061,172802,181504,174554,174090,176138,172943	38975,43532,40232,41470,31364,40378,41087,42761,38986,41709,34420,42034
1276+bno5-1309+bno7;0:4,1:2,4:0,6:5,7:7;2:1	172777,176138,173389,172802,186492,172414,179471,179971,175429,172061,177626	31816,33139,34264,31364,40582,40201,44360,34420,32979,42761,35680
1276+bno5-1276+bno6;0:0,1:1,3:3,4:4,6:6;	172775,173165,176466,172802,3564796,176138,172414,13218078,171923,179428,179971	2768940,38146,49297,31364,41136,40378,41087,43758,34816,35977,35422
1276+bno5-1278+bno6;1:2,2:1,5:6,6:5;	181578,184429,185757,175545,173846,177381,183994,177442,172802,176138,172414,179971	41709,42148,32323,42034,31364,40378,41087,42761,40201,42057,38719,34420
1276+bno6-1276+bno6;0:0,3:3,4:4,7:7;2:2	179876,4926960,181153,177111,175227,185757,175195,174317,173846,181578,179946,3565253	38127,40966,50374,31641,43580,41709,42034,2768677,38151,32268,32979,37247
1326+bno3-1326+bno5;0:0,1:1,2:2,3:3,4:4,5:5,6:6,7:7;	172414,179025,181578,172802,172061,172703,173309,181504	40201,31364,40378,38719,34816,41087,42761,34420
1276+bno7-1627+bno7;0:0,1:3,2:2,5:5,6:4;	184429,173293,178311,175195,177981,175227,171722,172064,176580,172686,177701	32999,39018,35701,37216,33139,31364,34420,40201,32984,31248,42761
1718+bno3-1718+bno7;1:5,2:7,3:3,4:6,5:1,6:4,7:2;	173846,174473,185757,175227,178311,175195,173894,179217,184429	31364,38462,41709,41087,40378,42034,35427,36930,41957
1276+bno5-1276+bno7;1:1,3:3,4:4,5:5,6:6;7:0	175227,174437,180535,183741,172414,181504,178013,175220,172061,174309,172802	31364,36705,34070,43672,40378,41087,34514,31498,43580,35708,39846
1276+bno7-1278+bno4;1:2,2:1,5:6,6:5;	181578,184429,185757,175545,173846,177381,183994,177442,172802,176138,172414,179971	43580,41709,41957,41646,31364,33139,40201,34420,41087,43587,37216,42761
1276+bno3-1276+bno3;0:0,2:2,3:3,4:4,7:7;6:1,6	172061,176758,172802,182684,190424,259401,182921,177737,181504,178615,178640	40201,43767,34420,35230,31016,41284,34145,37138,31364,32534,42761
1276+bno0-1276+bno5;0:1,1:0,2:5,5:2,6:7;	172802,175085,171951,185299,175195,180819,178250,178311,184429,173293,3565059	33139,42862,38173,39690,41709,43580,2768677,42034,41087,40378,42834
1276+bno6-1633+bno7;0:0,2:3,3:5,4:2,5:6,6:1,7:7;	186551,172414,176465,172061,172802,178772,177642,181504,175455	44432,41957,42034,34565,34686,40378,41087,41709,34119
1309+bno5-1627+bno5;0:0,3:2,4:5,5:3,6:4,7:7;	173846,174317,172802,172414,176138,175227,175315,181504,173293,178311	32919,41709,31364,3355064,3354896,42034,34119,36286,41087,40378
1326+bno3-1326+bno6;0:0,1:1,2:2,3:3,4:4,5:5,6:6,7:7;	172414,179025,181578,172802,172061,172703,173309,181504	40201,31364,40378,38719,34816,41087,42761,34420
1718+bno0-2699+bno1;0:7,2:3,3:5,4:6,5:4,6:1,7:0;	177422,177423,172061,176138,181504,172802,172414,173714,175275	39651,36207,33139,42761,34420,40201,31364,46415,34149
1276+bno3-1276+bno5;0:2,1:0,3:1,4:6,7:5;	172703,181578,174317,178250,175195,190993,188680,178184,184429,173293,178311	43386,33721,31248,33944,33139,41729,37732,34889,42034,41709,40654
1309+bno7-1627+bno6;0:0,3:2,4:5,7:7;	181578,177648,175643,178272,172802,172414,176138,181504,177637,175604,172617,174475	33139,32919,40508,40201,41087,31364,34420,42761,42034,41957,40388,41709
1276+bno7-1627+bno7;1:6,3:5,4:7,6:1,7:0;	172061,172966,3565931,189453,172414,181504,177220,172802,176138,180447,173439	42761,31816,37846,32413,33139,40201,317911,34420,42862,33857,38937
1276+bno7-1718+bno0;1:6,2:2,3:0,5:5,6:4;	185757,175714,174964,181504,173846,181295,179971,172414,172977,176138,179645	33721,39002,31248,31364,33139,31066,40201,34420,36491,42761,31589
1627+bno0-1718+bno0;1:2,3:4,4:3,6:5;	172209,172497,181030,176743,172061,181504,172414,172802,172222,175244,171696,186892	46719,44289,34685,32285,40378,42761,31364,41087,47080,43767,34420,32855
1309+bno6-1627+bno6;2:6,3:7,4:5,5:3,6:4,7:2;	172414,175638,175967,172802,173134,187701,187817,181504,172061,188252	41087,32979,37619,34420,31364,326135,35680,42761,40201,34506
2224+bno3-2224+bno5;0:0,1:1,2:2,3:3,4:4,5:5,6:6,7:7;	178250,175227,175195,176449,173293,185757,174317,178311	31364,41087,42034,48552,41957,41709,40378,35422
1631+bno6-2300+bno0;0:2,1:0,2:4,5:3,7:5;	172737,175275,175638,172802,177286,172414,176138,181504,174090,179971,178104	37167,42470,41639,40201,41547,31364,42761,34420,43541,31521,41638
1718+bno7-2699+bno1;1:4,2:0,3:5,4:2,5:7,6:6,7:3;	176138,172802,171882,180343,181556,174998,179971,181504,174090	42034,41087,38104,31364,31065,38629,42761,40378,34420
1276+bno0-1276+bno7;1:7,2:6,5:5,6:2;	171953,181504,172802,179641,178311,177374,180819,178250,175195,171978,184429,173293	41066,33139,40201,31521,41087,41709,42034,40378,44432,41957,32165,33487
1276+bno0-1276+bno5;1:3,2:2,5:7,6:4;	185409,172703,181578,179709,184429,175227,178311,173293,175195,185412,171722,190025	35801,43767,35851,33226,41087,2768677,42034,40378,41709,35892,43580,42834
1276+bno4-1276+bno7;1:0,2:5,4:1,5:2,6:7,7:6;	189750,185098,181578,178237,173181,175754,175660,183517,176718,178732	43767,36015,40378,41957,31376,41709,42034,42504,43580,2768677
1718+bno6-1718+bno6;0:0,1:1,3:3,4:4,5:5,6:6,7:7;2:2	173293,172414,172802,177924,172981,184429,178113,181504,185757	34420,30977,34058,41647,41860,31364,36019,35847,42761
1276+bno5-1276+bno5;1:1,2:2,5:5,6:6;4:3	172061,185757,175195,172074,183753,173151,191761,183012,180819,178311,175227,187528	44289,42761,31364,34685,36722,31052,37926,31156,32504,49297,35708,39385
4069+bno5-4069+bno6;0:0,1:1,2:2,3:3,4:4,5:5,6:6,7:7;	176138,172061,174090,178735,175069,172802,179971,181504	40201,41773,38490,42761,36748,31364,41860,34420
1276+bno3-1718+bno7;2:7,3:3,4:6,5:0,7:1;	174090,176138,181504,172061,176023,173279,172802,178538,177374,175429,174050	32919,41087,40378,41709,42862,33139,42034,37873,31364,40201,34420
1276+bno2-1718+bno2;0:0,3:6,4:1,7:7;	178250,174050,177374,180819,176023,181504,171809,175429,173846,176138,172414,179971	40378,41957,41709,42034,32919,31364,32987,40506,33139,42761,34420,40201
1276+bno2-1276+bno7;1:0,2:5,4:1,5:2,6:7,7:6;	191342,176945,185757,260266,184883,179631,175195,179666,175227,178311	32979,31248,40378,41957,33721,41709,42034,41341,43580,2768677
1627+bno7-2699+bno0;0:4,1:0,2:1,5:5,7:6;6:7	180827,180221,176848,172802,174481,172414,176138,181504,175275,172061,175071	38490,36748,44014,40201,33806,31364,42761,34420,43532,33139,40605
1276+bno2-2300+bno7;0:2,2:1,3:3,4:4,5:7,6:0,7:6;	175195,172802,177519,176138,172414,178250,178311,177888,181504	42034,37216,32358,31364,34420,41957,41709,31746,42761
1629+bno4-1629+bno4;0:0,2:2,3:3,4:4,5:5,7:7;	178311,178250,176023,186376,180819,177374,176301,174482,181578,174317	41087,40378,31310,41657,42034,43300,42082,42086,41957,41709
1321+bno5-1321+bno5;0:0,1:1,3:3,4:4,5:5,6:6,7:7;	175195,172703,178272,180938,178929,174317,181775,181578,175227	42034,33721,31364,33139,40201,2768677,34420,40676,43580
1276+bno7-1627+bno7;1:5,2:6,5:3,6:4,7:1;	175227,172703,181578,172414,180603,181302,178795,179709,172802,176138,181504	41709,41087,40378,41347,32078,33349,33901,42034,40201,31364,34420
1627+bno0-1710+bno7;0:1,2:4,3:0,4:7,5:3,7:6;	184429,173293,178561,174050,178311,178250,178139,180996,180819,177374	42034,40378,53564,41860,41087,42761,31364,41773,36748,38490
1276+bno7-1627+bno7;0:5,1:3,4:0,5:1,6:6,7:7;	176758,176138,172061,185623,181504,190424,177737,172802,179971,177481	44339,40378,31364,39091,41087,30977,42824,42761,34420,39651
1277+bno0-1718+bno7;1:6,2:0,5:7,6:1;	182888,172703,181578,174317,185757,175227,178311,175195,182874,184429,176449,172394	33774,41709,41957,44150,31364,33139,40201,34420,32979,33726,34685,44289
1276+bno5-1627+bno7;1:4,2:1,3:0,5:6,6:3;	181578,176138,178272,178068,175748,172414,173182,181306,174090,175628,179971	2768677,40378,40966,35256,41406,41087,40178,39459,36748,44339,42761
1627+bno7-1627+bno7;1:6,3:4,4:5,5:7,6:3,7:0;	173293,175195,172686,172064,171722,177701,177981,185757,175741,175227	40201,34098,41709,40378,41087,42761,42034,34420,37781,44432
1627+bno0-1627+bno0;0:0,1:1,2:2,4:4,5:5,7:7;6:3	174317,175227,13183020,178311,184259,181578,172703,172150,179709,178250	41709,42034,42508,40378,37472,41957,33675,37075,35422,41087
1276+bno3-1276+bno5;0:0,2:2,4:4,5:5,6:6,7:7;1:1	181504,175227,172703,173945,174317,175901,176138,181578,172414,175195	34420,34411,41709,40378,49816,41087,42761,42034,31364,35364
1276+bno3-1276+bno7;0:1,2:5,5:2,7:6;6:0,7	175195,176138,181504,177701,172061,175503,180603,172802,175227,172703,181578,179709	31364,40356,31789,42761,41709,40378,41087,42034,37216,40372,34467,42464
1327+bno4-1327+bno6;0:0,1:1,2:2,3:3,4:4,5:5,6:6,7:7;	178250,175227,172703,173392,179902,181578,174317,179709	40378,42433,41957,2768677,43580,41709,38159,42034
1276+bno6-1276+bno6;0:0,3:3,4:4,7:7;	191635,4926960,172476,181752,175227,185757,175195,174317,191667,180819,177374,174050	34961,33019,43183,34652,31364,40378,41087,35422,34963,41957,33675,40529
1718+bno1-1718+bno1;0:0,1:1,3:3,4:4,6:6,7:7;5:2,5	181504,178640,178771,174531,190424,178615,177282,190780,180986,178844	40201,34420,35256,39646,32979,31816,44289,42619,31364,35422
1278+bno0-1278+bno6;0:4,1:1,2:2,4:0,5:5,6:6,7:7;	181504,178779,178311,177374,172802,180819,178250,179959,175788	42034,41021,31364,33139,41709,40201,34420,37559,32979
1276+bno4-2820+bno4;0:0,2:2,3:3,4:4,5:5,6:1,7:6;	176138,174090,172061,177853,178346,172802,181504,177583,179971	42034,37216,44432,42907,41162,41087,40378,33981,42761
1276+bno5-1276+bno5;0:0,1:1,3:4,4:3,5:5,6:6;	172264,179971,172802,259571,176138,172414,177073,178383,173347,172743	32268,2768677,43580,32844,41709,42034,42816,38631,38017,33214
1627+bno7-1631+bno6;0:0,1:1,2:2,5:5,7:7;	179671,175786,180009,172802,181701,172414,176138,181504,174669,172760,175492	48581,44432,41316,40201,41739,31364,42761,34420,33563,32446,43163
1309+bno7-2699+bno0;0:4,3:5,4:1,7:6;	178385,179709,173440,175217,172802,176138,172414,181504,178389,175275,172061,172737	43189,32979,44289,35007,41087,34420,31364,42761,43180,42470,40378,37524
1276+bno5-1633+bno5;1:2,2:3,4:1,5:4,6:5,7:6;	172414,172061,176301,176061,172802,175677,190226,181504,180819,177374	41709,41087,31816,2768677,40378,43580,42484,42034,31364,34420
1718+bno5-1718+bno7;0:0,1:1,3:3,4:4,5:5,6:6,7:7;	175227,172802,172414,172703,181578,174317,175956,181504,175195	42034,34420,39651,38970,35310,40378,46415,31364,41087
1397+bno4-1397+bno5;0:0,1:1,2:2,3:3,4:4,5:5,6:6,7:7;	177374,175583,173846,176138,181504,179971,172414,176061	41957,35157,42034,44432,42761,40378,41087,43833
1627+bno6-1718+bno7;0:1,1:2,2:3,5:4,7:6;	175712,181030,176233,172802,3565871,176138,172414,181504,172943,179427,172061	33139,40201,35119,41087,33071,31364,34420,42761,42034,43085,40378
1276+bno3-1629+bno7;2:4,3:1,4:6,5:5,6:2,7:3;	181544,175195,181502,182266,179907,178250,178311,7040191,184429,173293	33043,41709,40966,33775,32791,40378,42034,39881,43580,2768677
1627+bno6-1627+bno7;0:0,1:1,2:2,3:3,5:5,6:6,7:7;	177334,175195,180465,175227,172706,171722,181484,177701,172233	31905,40201,33207,42761,40894,31364,41931,34420,41860
1276+bno6-1718+bno6;1:6,2:0,5:7,6:1;	175195,184429,173293,178311,176138,175227,178211,180221,172061,172414,181504,172802	31364,36632,32514,33105,40378,41957,41709,42034,36639,41087,44505,33408
1718+bno0-4067+bno0;0:0,2:5,4:2,5:6,7:7;	175413,174090,172943,189028,181504,179971,172414,173306,176138,173944,173846	39354,42761,41347,32444,33139,34420,40201,37755,42862,32624,43767
1627+bno1-562+bno4;0:1,1:3,2:2,4:0,5:7,7:6;	180010,172414,176895,181504,171691,174657,181716,173701,175008,172802	42761,41087,30977,40378,32979,36748,32268,35698,2768677,42034
4069+bno5-4069+bno7;0:0,1:1,2:2,3:3,4:4,5:5,6:6,7:7;	176138,172061,174090,178735,175069,172802,179971,181504	40201,41773,38490,42761,36748,31364,41860,34420
1276+bno0-1276+bno5;0:1,1:0,3:2,4:5,7:6;	172703,181578,174317,177800,175195,178250,266820,179922,184429,173293,178311	34192,31816,34420,34042,31364,35708,40190,35475,40378,41087,49297
1309+bno6-1309+bno6;0:0,3:4,4:3,7:7;	191457,173728,189994,173410,172802,176138,172414,181504,178311,191463,178614,177203	44289,31427,48572,34685,41087,34420,31364,42761,31433,41709,41957,36545
1329+bno6-2300+bno7;1:2,2:7,3:3,4:4,5:1,6:6,7:5;	172802,177224,178311,176138,172414,178250,177084,181504,175195	32919,33721,34420,42862,33139,43767,31248,31083,31364
1276+bno3-1276+bno5;1:3,2:2,5:7,6:4;7:5	180819,185828,172429,187528,184429,175227,178311,173293,175195,185831,171722,176296	33139,38743,33569,43594,41087,41709,42034,40378,2768677,38757,41957,43312
1276+bno5-1627+bno7;1:4,2:1,5:6,6:3;3:7	181578,172414,176138,178272,178068,175748,173182,181306,172802,174090,175628,179971	2768677,41087,40378,40966,35256,41406,40178,39459,31364,36748,44339,42761
1325+bno4-1325+bno6;0:5,1:1,3:4,4:3,5:0,6:7,7:6;	172414,174317,172061,187888,176437,181504,172802,175879,175195	31364,40378,41709,32323,33240,34420,35098,42034,41087
1276+bno3-1276+bno7;2:2,3:1,4:6,5:7,6:0,7:5;1:3	182684,172061,190424,259401,182921,176758,172802,177737,172943,175922	44289,40201,33721,326131,33412,31248,33139,31926,34420,43767
1276+bno5-2300+bno1;0:4,1:7,6:0,7:3;	178483,176138,181504,174862,172061,179947,174598,172802,176646,174090,179971,177583	35540,42034,40378,35364,44432,34683,39574,41087,33397,37216,42761,33981
1627+bno7-1718+bno4;2:3,3:7,4:1,5:6,6:0,7:4;0:5	176138,181578,178160,176453,3565732,178181,172703,172414,172802,181504	31364,41957,40643,42034,40378,41087,41709,42761,40201,34420
1276+bno5-1627+bno6;1:1,3:7,4:2,5:3,6:6;	175922,175395,176758,173146,181504,172802,180768,175223,172414,180022,178640	36321,49228,32323,42079,40378,42034,44703,42540,41087,48317,42037
1276+bno5-1627+bno6;1:3,3:7,4:2,5:1,6:6;	181578,173440,178272,191426,181504,176138,183583,179683,172802,181030,172414	36321,42616,32323,36612,40378,42034,42756,43603,41087,43724,42037
1627+bno0-1718+bno0;2:6,3:2,4:5,5:4,7:3;	175596,174090,172943,176138,172061,172802,181504,172414,175592,174588,13187936	3346207,41709,42034,34420,40378,41087,42761,31364,3346149,33203,32976
1366+bno6-2348+bno7;1:2,2:7,3:3,4:4,5:1,6:5,7:6;	172061,179025,181578,172414,176138,172703,181504,173309,174317	32919,35674,41709,42761,31364,41957,34420,36040,42034
1276+bno5-1276+bno7;1:5,3:4,4:3,5:1,6:6;	179709,175917,174951,191174,181504,172414,186939,179876,172061,179040,172802	41709,38389,42034,30977,41087,40378,42874,31332,31364,44339,42761
1276+bno5-1276+bno6;0:1,2:5,5:2,7:6;	187353,184429,173293,177698,175195,175227,3565590,178311,181578,187345,171770,180241	34420,47065,34426,42761,41709,40378,41087,42034,43580,46068,44643,49297
1718+bno0-1774+bno0;2:3,3:2,4:5,5:4;	174580,175244,171696,186892,172061,172414,181504,172802,174587,172910,172743,172775	44858,41318,40848,41351,33139,31364,34420,40201,44873,49580,39108,44750
3707+bno7-3707+bno7;1:1,2:2,3:3,4:4,5:5,6:6,7:7;	175195,172703,184429,176617,176449,173293,181578,178311,175227	43580,41957,41087,42034,40378,37400,41709,2768677,34420
1309+bno1-1627+bno1;0:0,3:2,4:5,5:3,6:4,7:7;	179779,185757,179666,260219,190704,175195,177107,191342,175227,178311	43580,41709,30977,32979,32268,42034,2768677,35698,41087,40378
1276+bno2-1627+bno7;1:0,2:4,3:1,4:6,5:5,6:7,7:3;	173299,175195,172394,173622,188122,173293,185757,186741,184429	41709,31364,40378,33721,33386,41087,42761,42034,44432
1627+bno0-2699+bno0;1:3,3:6,4:1,6:4;	176304,172497,181030,176743,172061,181504,172414,172802,176305,175275,176138,178006	34455,44289,34685,32285,33139,34420,31364,40201,34457,35098,42761,37957
1718+bno0-1718+bno1;0:7,2:2,3:6,4:4,5:5,6:3,7:0;	178272,173314,172061,172414,181504,172802,176138,180997,174350	39651,39052,33139,42761,34420,40201,31364,46415,45959
1719+bno3-1719+bno5;0:5,1:3,3:1,4:7,5:0,6:6,7:4;	172061,181578,174124,176138,181504,172802,172414,176361,174317	33139,40378,44432,31364,34420,40201,42761,41087,42034
1276+bno5-6229+bno4;1:0,2:1,5:5,6:7;	175195,184429,173293,178311,176138,178250,179526,172414,172061,179971,172802,181504	41709,38760,38890,42034,31364,40378,41087,42761,38748,36748,40015,34420
1276+bno5-1276+bno5;0:0,1:6,2:2,3:3,4:4,6:1,7:7;	177583,172802,173779,174090,176138,172414,174080,179971,171901	34192,31364,43183,31816,33139,40201,36927,34420,33019
1276+bno6-1276+bno7;1:1,3:4,5:5,6:6;	174090,174080,172061,177583,189707,172802,185264,175845,175195,171619,181504,177533	32919,34179,40201,37528,35546,34420,41205,45845,37216,40062,31364,43768
1627+bno5-1718+bno1;0:5,2:3,3:7,4:1,5:6,6:0,7:4;	178250,172802,176138,4363029,175601,172414,177519,181504,172061	33721,40201,42761,39900,34685,31364,43803,34420,33139
1276+bno5-1278+bno7;0:0,1:1,3:3,4:4,6:6,7:7;	179677,181248,175195,179079,172703,181578,172291,174317,175227,176639	41200,38873,31364,34402,33139,40201,42369,34420,31816,32143
1276+bno0-1276+bno5;0:6,3:7,4:2,7:5;1:3	176138,172689,175877,171766,181372,172399,174044,177890,172775,173433,181504,173319	42034,33675,41957,41709,318207,42761,37216,44801,31364,36754,40378,41087
1327+bno4-1327+bno5;0:0,1:1,2:2,3:3,4:4,5:5,6:6,7:7;	178250,175227,172703,173392,179902,181578,174317,179709	40378,42433,41957,2768677,43580,41709,38159,42034
1276+bno3-1309+bno6;0:1,2:5,3:7,4:4,5:2,7:6;	175195,185757,175227,180597,181504,176138,173293,175315,172802,172414	40378,42034,30977,41995,40201,33139,41709,32132,34420,42862
1309+bno7-1718+bno0;0:5,1:0,3:3,4:6,7:4;	172703,181578,176361,172802,183473,176138,172414,181504,174350,172061,3565901	41709,41957,37368,41087,42400,34420,31364,42761,36491,40378,44879
1329+bno7-1635+bno6;1:4,2:1,3:2,4:7,5:6,6:3,7:5;0:0	172802,172408,182638,176138,172414,180804,181064,181504,179971	40201,38719,53581,31364,34352,248194,41771,34420,33139
1276+bno5-1627+bno7;1:3,3:7,4:2,5:1,6:6;	181578,173440,178272,191426,181504,176138,183583,179683,172802,181030,172414	44289,31052,34685,36722,34420,31364,37926,31156,40201,33670,42761
1277+bno5-1629+bno3;0:3,1:0,2:5,5:2,6:7,7:4;3:1	174317,180819,172679,176023,176301,186376,174482,177374,175195,185757	42034,41709,44432,31364,33139,40201,34420,37995,40378,41087
1276+bno7-1629+bno6;0:5,3:0,4:7,7:2;	181030,177457,180014,176743,172061,176138,181504,172802,180069,174437,178012,174825	37761,31816,33078,32409,31364,33139,40201,34420,37780,41066,31521,37402
1309+bno0-562+bno4;0:1,3:2,4:7,6:4,7:6;	175227,185757,175195,183618,171990,180819,174317,180914,178250,172703,181578	2768677,41957,41709,37727,39844,34426,42034,319043,41066,41087,40378