1276+bno5-1276+bno7;1:5,3:0,4:7,5:1,6:6;	172061,189785,172074,260266,185757,175195,175855,179666,179631,175227,178311	829025,824120,826569,838258,819204,838388,816196,821011,829614,820732,818982
1276+bno3-1276+bno3;0:0,2:2,3:3,4:4,7:7;6:1,6	172061,176758,172802,182684,190424,259401,182921,177737,181504,178615,178640	819204,829025,840916,841283,835279,821391,824867,829263,827159,834477,828668
1276+bno3-1276+bno4;0:2,2:0,3:3,4:4,7:7;1:1-6:1	172061,176434,172802,176221,174095,187234,179776,179071,179971,178028,171923	843305,831518,820732,821096,822420,842986,838786,841407,823916,825835,821339
1627+bno0-1718+bno0;0:0,1:4,5:1,6:5,7:7;	182191,174309,180208,259844,181504,181041,172802,178791,172061,172414,177497	829854,817158,822207,831215,831899,839870,819204,828391,838300,829025,820335
2300+bno0-2300+bno0;0:0,1:1,2:2,3:3,4:4,5:5,6:6;	176736,178248,173846,172802,176138,172414,181504,179971,181250	816104,821509,839619,835015,824510,830520,819204,832289,831114
1276+bno0-1276+bno0;0:0,2:4,3:5,4:2,7:7;6:3	173293,177203,178311,183891,178614,175845,189707,178940,171619,178507,185264	817158,835015,819204,819177,832289,828287,839315,820223,829025,830520,830019
1276+bno3-1276+bno3;0:0,2:4,3:5,4:2,5:3,7:7;1:1	178311,175195,176023,179779,177374,174050,177107,175429,178250,180819	827827,820395,823916,818561,831899,829025,827127,824956,817158,819204
1276+bno0-2212+bno0;0:0,2:1,3:3,4:4,5:6,6:2,7:7;	172061,181038,173346,176138,172414,179670,176071,172514,181504	819204,835437,833756,836086,836699,829710,835015,843258,827827
1718+bno7-2348+bno1;1:3,2:7,3:2,4:6,5:1,6:5;	176138,181504,172802,181817,174090,180748,177629,179971,176830,172061	827827,830520,824510,838555,829025,820335,821870,831899,822420,826479
1631+bno7-1718+bno7;1:3,3:1,4:7,6:6,7:0;	172414,172061,172943,176023,176239,174090,178096,179971,177374,175429,174050	838300,830520,824510,839442,829022,831899,827314,819204,823916,839938,824956
1276+bno7-1627+bno7;1:1,3:0,4:7,7:2;0:5	172061,180880,171996,182577,177002,172414,181504,172802,172775,172910,172743,3564805	829025,828151,827500,829913,844417,830520,824510,831899,835156,832291,831756,825025
1309+bno7-1627+bno6;0:0,3:2,4:5,7:7;	181578,177648,175643,178272,172802,172414,176138,181504,177637,175604,172617,174475	814818,820732,826735,834224,817158,831899,833836,819204,829710,814810,824355,833756
1627+bno7-562+bno6;0:2,1:5,6:3,7:6;2:1	176138,175638,172737,175275,172802,175445,175502,181504,185757,172414,178614,178507	824510,823805,822024,820120,817158,825446,816556,819204,820395,831899,835777,829597
1276+bno2-1627+bno7;1:7,2:3,4:1,5:4,6:5,7:6;	177981,3565796,181504,175741,177475,3565407,176011,172686,172414,172802	831587,830842,819204,843788,844187,840471,831899,829834,817158,824510
1325+bno5-1325+bno5;0:0,1:1,3:3,4:4,5:5,6:6,7:7;	184429,178250,177374,179437,175638,185757,172679,180819,175195	820395,829025,824510,828815,827710,827827,830520,831899,817158
1627+bno6-1627+bno7;0:0,1:1,2:2,3:3,5:5,6:6,7:7;	177334,175195,180465,175227,172706,171722,181484,177701,172233	834224,817158,824678,831899,819019,833836,834291,819204,825171
1627+bno6-2300+bno1;1:0,2:5,3:1,4:6,5:4,6:7,7:3;	179971,177658,181504,179439,180221,176138,181574,172414,172693	817158,838290,831899,826711,832216,844165,817498,819204,838899
1276+bno5-1276+bno7;1:5,3:0,5:1,6:6;	172061,179040,181504,172802,186939,172414,191174,179876,175917,181578,179709,174951	829025,834532,833836,838609,824198,819204,829855,824666,818519,820732,818982,838388
1276+bno5-1627+bno6;1:1,2:4,5:3,6:6;4:2	177431,173846,173944,173762,172656,174737,174649,178115,172061,181504,173811,172802	836899,838388,818982,819334,842986,822420,841407,838786,829392,820732,831518,838144
1710+bno6-1710+bno7;1:1,2:2,3:3,4:4,5:5,6:6,7:7;	178311,172802,178942,176138,172414,173153,181504,171602,174317	817158,831513,838388,831899,821338,818982,821233,819204,838300
2300+bno0-2300+bno0;0:0,2:6,3:3,4:5,5:4,6:2;7:7	176122,172393,259487,179971,176138,181504,172414,172802,172965,179210	822024,825385,3769140,829025,824510,819204,831899,840916,836899,818661
6860+bno6-6860+bno7;0:0,1:1,2:2,3:3,4:4,5:5,6:6,7:7;	173846,172061,176138,172414,181504,172802,181800,179971	819204,829025,827859,818980,830123,837131,840916,831899
1710+bno7-1710+bno7;1:1,2:2,3:3,4:4,5:5,6:6,7:7;	178311,172802,178942,176138,172414,173153,181504,171602,174317	817158,831513,838388,831899,821338,818982,821233,819204,838300
1276+bno0-1629+bno6;0:1,1:2,2:3,5:4,6:7,7:6;3:5	172679,175638,173917,173293,176349,175195,178311,180810,175227,185757	842356,837690,816311,831899,844406,840916,819204,830452,817158,829025
1276+bno5-1627+bno7;0:2,1:1,2:4,3:0,5:3,7:5;4:7	176138,173822,172802,177351,172910,172414,172775,172743,178065,181504	833836,824665,829025,824198,834532,819204,829855,843931,824666,831899
1276+bno6-1276+bno7;0:7,3:6,4:5,7:2;	178311,178491,180819,178250,172802,180719,175050,176410,172061,184646,172414,181504	823916,829880,838144,820732,831899,817946,832385,837560,829025,830763,830520,824510
1627+bno3-1627+bno4;0:0,2:2,3:3,4:4,5:5,6:6,7:7;	179709,172802,176138,172703,176053,172414,181578,181504,174317	817158,820732,819048,831899,829025,828791,819204,838144,838300
1627+bno7-1631+bno6;0:2,1:3,2:0,3:1,6:6,7:7;	172939,176011,172414,177413,172802,179741,259608,181504,175275,176138	835777,829597,831899,824626,817158,825446,827940,819204,819549,824510
1276+bno7-1718+bno7;0:6,3:0,4:7,7:1;	172943,182240,178867,175922,185757,175227,178311,175195,182284,176449,184429,172981	827335,823706,837559,833756,829025,830520,824510,831899,827313,840916,835610,817820
1277+bno6-1629+bno0;0:3,1:0,2:5,5:2,6:7,7:4;	172703,181578,175195,177704,175227,171722,175792,174317,184429,185757	841234,823492,833756,830278,834350,817323,821915,827597,823706,837559
1276+bno7-1627+bno6;2:3,3:2,4:5,5:6,6:1,7:4;	178311,181578,178614,172414,176138,187087,172703,177203,172802,181504	823916,832031,830566,831899,833836,839152,819189,839568,817158,819204
1276+bno7-1276+bno7;0:0,1:1,3:3,4:4,7:7;	174309,181030,181989,172061,3564894,176138,181504,172802,180028,175400,190800	814726,831274,828568,829025,818861,830520,824510,831899,828654,829263,839195
2316+bno6-2316+bno7;0:0,1:1,2:2,3:3,4:4,5:5,6:6,7:7;	172802,172414,175275,177964,174676,175286,172167,181504	817158,838388,831899,831195,827947,829025,827159,819204
1627+bno7-1627+bno7;1:1,2:2,3:3,4:4,5:5,7:7;6:6	172061,191597,172572,180986,192054,172439,175085,172802,181504,188382	838300,829506,821509,824510,840530,827159,831899,819204,817158,815898
6229+bno4-6229+bno4;0:0,2:2,3:3,4:4,5:5,6:6,7:7;	175195,172061,176138,172414,181504,177701,172802,179971,175227	817158,829025,827859,818980,830123,819204,837131,831899,838300
1276+bno7-1627+bno7;0:5,2:3,5:6,6:1,7:4;	183464,175922,178867,172802,174316,177377,174691,175916,172414,172061,179971	832245,838388,818982,833836,826692,824030,819774,843928,830520,831899,824510
1276+bno5-1276+bno5;0:4,1:6,5:2,6:5;	173167,181504,176138,178272,181578,183517,175754,178237,178732,189750,172703,175660	837559,819204,838388,818982,820732,830060,829880,834980,829392,818858,823916,838144
1627+bno6-1627+bno7;1:1,2:7,4:4,5:5,6:6,7:2;	172061,188830,186191,181504,185709,178640,173509,172802,172414,3565738	840916,839517,830827,831899,828623,834602,832326,829025,824510,2745966
1633+bno5-1633+bno5;0:0,2:2,3:3,4:4,5:5,6:6,7:7;	172802,180819,176301,176061,175677,190226,181504,177374,172414	831899,820732,837559,838388,824244,834042,819204,818982,817158
1276+bno0-1629+bno6;0:1,1:0,2:3,5:4,6:7,7:6;3:5	172679,175638,173917,175227,176349,175195,178311,180810,173293,185757	842356,837690,816311,817158,844406,840916,819204,830452,831899,829025
1309+bno6-1627+bno7;0:0,3:2,4:5,7:7;	175201,172703,181578,178272,172802,172414,176138,181504,175192,179670,172201,183035	818982,821796,834959,843928,817158,831899,833836,819204,841234,821846,824355,823492
1276+bno3-1276+bno5;0:2,3:1,4:6,5:4,6:3,7:5;	172414,177943,178779,179658,175902,172802,181504,175788,177374,179959	817158,829614,836588,820563,821407,838388,819204,838258,823916,821920
1276+bno5-1276+bno7;1:6,2:7,5:2,6:5,7:0;	176138,172802,179971,172686,171601,177869,177981,172414,175741,178012,174437	818982,817158,819204,817721,827934,824790,842650,838388,828934,823916,824956
1276+bno0-2707+bno0;0:0,2:2,3:4,4:3,5:5,6:1,7:7;	181504,174527,175628,173846,176736,172061,172802,189639,179971	829025,821970,830520,838388,838035,824510,831899,823783,819204
1627+bno6-1629+bno4;1:2,2:1,3:4,4:3,5:6,6:5;	172414,179971,182684,172802,185623,177481,172061,181221,180752,176803	817158,819204,831374,831899,816196,824120,831756,821421,836588,821011