8057+bno4-8057+bno6;0:0,1:1,2:2,3:3,4:4,5:5,6:6,7:7;	172061,181504,179669,172755,172414,179971,177895,172802	77040,211651,20238,22190,13626,217124,26440,22627
2854+bno4-2854+bno5;0:0,1:1,2:2,3:3,4:4,5:5,6:6,7:7;	181504,171968,181324,172061,179971,183000,172414,172802	13626,15567,11518,77040,22627,382253,211651,217124
1329+bno5-1635+bno7;1:4,2:1,3:2,4:7,5:6,6:3,7:5;0:0	172802,172408,182638,176138,172414,180804,181064,181504,179971	13626,15567,18846,77040,22627,20358,234214,217124,211651
604+bno3-604+bno5;0:0,1:1,2:2,3:3,4:4,5:5,6:6,7:7;	181578,175195,178250,171715,175227,181182,178311,179709	15567,11537,77040,208727,17762,66237,22627,14265
1276+bno5-2300+bno0;0:6,3:3,4:5,7:2;	184879,180748,179522,181195,172802,176138,172414,179971,184885,176410,181504,177314	671232,26380,27221,66580,211651,77040,217124,13626,67028,17984,22627,76959
1718+bno1-562+bno5;0:5,2:2,4:1,5:6,7:3;	180864,176138,172760,173070,172061,181504,172802,183865,174090,175535,175796	245684,15567,58234,12877,211651,217124,13626,74108,20238,11820,59026
1276+bno7-1850+bno0;0:4,1:0,3:2,4:6,7:3;	171602,179446,174789,175195,189849,184429,173293,178311,172394,185757,172251	99377,384763,72843,211651,75801,77040,217124,13626,51791,22627,74194
1276+bno5-1276+bno5;1:6,3:3,4:4,5:2,6:5;	178311,177624,174680,179666,181504,172802,176945,184883,179741,191342,177251	208727,22059,16531,16391,77040,217124,12914,15976,211651,13796,12387
1774+bno1-1774+bno1;0:0,1:1,3:3,4:4,5:5,6:6,7:7;	177374,177759,173521,176023,175429,174050,172582,171911,176015	77040,234311,16409,211651,13626,217124,11837,80861,15567
1278+bno3-562+bno3;0:0,2:2,3:5,4:4,5:6,6:1,7:7;	172414,175227,180644,185757,175195,172802,181504,174924,184429	208727,55978,12589,18845,68259,76779,67661,21821,18186
1627+bno6-1627+bno6;2:7,3:3,4:4,5:5,6:6,7:2;	172414,188252,172802,187701,187817,173134,175967,181504,172061,191649	77040,22064,13626,22063,22066,20430,71233,217124,211651,22067
1276+bno5-1276+bno7;0:2,2:0,3:3,4:4,7:7;	3565059,172277,172776,175227,175195,184429,173293,178311,172794,172926,174789	384061,211651,22627,230796,13626,224630,58244,228545,14265,83679,208727
1627+bno6-1627+bno7;0:0,1:1,2:2,3:3,5:5,6:6,7:7;	177334,175195,180465,175227,172706,171722,181484,177701,172233	56469,11537,69083,211651,27385,17984,53315,51810,235180
1276+bno5-2699+bno1;0:1,2:2,3:3,4:4,5:7,6:0,7:6;	173846,172414,175275,172061,172802,176874,176736,181504,176138	244667,14265,14800,13626,217124,229759,56177,15567,665113
1276+bno6-1276+bno7;0:3,1:6,3:0,4:7,6:1,7:4;	178250,266820,175227,180695,185757,175195,173078,178311,172074,178491	58234,83814,77040,12475,211651,13626,14745,217124,71950,21898
1276+bno6-1276+bno7;1:1,3:3,4:4,5:5,6:6;	176138,177497,181504,259844,172061,172802,181041,178791,174090,180208,174309	77040,17756,217124,270190,211651,13626,319757,21844,209446,75410,71950
1309+bno2-1309+bno5;0:0,1:1,2:2,3:3,4:4,5:5,6:6,7:7;	172414,175195,172703,172802,173656,181578,174317,181504	20238,15567,211651,68731,77040,13626,217124,237943
1774+bno2-1774+bno7;0:0,1:1,2:2,3:3,4:4,5:5,6:6,7:7;	177374,173347,172414,172061,172802,181504,172743,176814	230796,12606,211651,77040,217124,13626,19045,53380
2348+bno3-2348+bno5;0:0,1:1,2:2,3:3,4:4,5:5,6:6,7:7;	177374,178068,174090,172802,172061,179971,175628,176401	230796,260305,15567,77040,22627,217124,58234,20318
4229+bno6-4229+bno7;0:0,1:1,2:2,3:3,4:4,5:5,6:6,7:7;	176138,173846,172802,172944,172061,180692,179971,181504	211651,330286,217124,56784,216439,244668,15567,13626
1276+bno7-1627+bno5;1:2,2:3,4:1,5:4,6:5,7:6;	172061,176138,176023,172499,181504,172698,173459,172802,174050,175429	211651,77040,620631,73668,217124,76568,21821,13626,18845,68259
1309+bno5-1627+bno5;0:0,1:3,2:1,3:2,4:5,6:4,7:7;	178311,172802,184201,175195,172414,176138,171602,181504,185757	17762,20371,22190,22627,74222,18952,21841,14462,20238
2798+bno4-2798+bno5;0:0,1:1,2:2,3:3,4:4,5:5,6:6,7:7;	172414,175991,175275,172061,172802,185532,176138,181504	211651,66143,217124,22724,209446,77040,13626,11837
1633+bno4-1633+bno4;0:0,2:2,3:3,4:4,5:5,7:7;	185757,175195,178250,178491,174317,175227,172807,180819,172703,181578	71854,75410,22724,22627,71950,13626,211651,209446,71861,50754
1276+bno0-1276+bno0;0:0,2:4,3:5,4:2,5:3,7:7;1:1-6:6	178311,175195,173959,260266,189785,175855,179631,179666,175227,177701	13626,217124,244237,22031,20238,22190,15567,108086,211651,22627
1276+bno6-1276+bno6;0:0,3:3,4:4,7:7;2:2	179876,4926960,181153,177111,175227,185757,175195,174317,173846,181578,179946,3565253	75914,58234,260305,244585,77040,211651,13626,217124,76080,51791,238055,11808
1720+bno5-1720+bno7;0:0,1:1,2:2,3:3,4:4,5:5,6:6,7:7;	173846,173278,172061,176138,181504,172802,172414,176195	11537,211651,22724,20926,71950,209446,13626,22627
1276+bno0-1276+bno5;0:1,1:7,5:3,6:4;	181030,175227,179709,180456,171657,172802,172414,181504,172061,176946,178203,3565105	15227,22724,209446,104806,100040608,217124,211651,13626,77040,15567,14800,244723
1627+bno7-1631+bno0;1:0,2:1,3:4,4:3,5:6,6:7;	174050,175429,171712,176023,353452,173042,178096,184245,172498,3565514	217124,216439,192232,20779,18457,94245,13196,232946,17828,117197
1309+bno4-1718+bno7;0:5,3:6,4:3,7:4;	181578,173846,180769,178272,172802,172414,176138,181504,178311,179051,172061,180845	66871,20238,22190,11804,22724,71950,18999,209446,77040,13626,66905,217124
1276+bno7-1629+bno7;1:1,3:5,4:2,5:3,6:6;7:7	185757,177343,175545,182398,172703,181578,175765,181298,175227,174269,174317	20238,68572,27425,107765,211651,13626,216001,12335,77040,226180,217124
1276+bno0-1278+bno0;0:0,1:1,2:2,3:3,4:4,5:5,6:6;	174317,175946,184429,175227,172703,181578,178311,173293,175783	29810,22122,77040,211651,22190,20238,13626,217124,229363
1321+bno0-604+bno6;0:1,1:2,2:5,4:0,5:4,6:7,7:6;	172703,174914,180603,178311,181578,175227,179709,173058,178250	211651,13483,51791,14265,13626,15567,217124,16498,77040
1276+bno6-2300+bno0;0:6,1:5,3:0,4:7,7:1;6:4	182923,175517,176195,172414,172802,192064,180628,180919,181504,172061,179971	13131,260305,58234,211651,217124,21844,270190,13641,13626,77040,22627
3783+bno7-3783+bno7;0:0,1:1,2:2,3:3,4:4,5:5,6:6;	172802,181504,179971,171769,176023,175397,175429,175716,172414	11537,22627,76893,14262,226564,14263,55990,71519,384061
1309+bno3-1627+bno3;0:0,1:3,2:1,3:2,4:5,6:4,7:7;	172414,181728,174437,181504,182446,175350,178501,177594,178012	17762,20371,22190,22627,74222,18952,21841,14462,20238
1627+bno6-1718+bno0;2:3,3:7,4:1,5:6,6:0,7:4;	175227,176945,178250,179210,172393,266820,174521,179709,172703,181578	77040,209446,15567,243983,260305,58234,320080,217124,211651,13626
4189+bno4-4189+bno5;0:0,1:1,2:2,3:3,4:4,5:5,6:6,7:7;	177374,172760,172802,172414,179971,176138,181504,172542	230796,67561,211651,217124,13626,77040,22627,18983
1718+bno6-2301+bno2;1:0,2:5,3:1,4:6,5:2,6:7;	172703,176453,3565732,172802,178160,172414,181504,178181,172061,179971	208727,83679,230796,217124,94175,211651,13626,12266,77040,22627
1288+bno5-1329+bno5;0:0,1:3,2:1,5:6,6:4,7:7;	184429,173293,175195,176170,175227,179709,178250,178311,172703,181578	11820,20617,15567,77040,13626,211651,22627,217124,22724,21406
1329+bno6-1635+bno7;1:4,2:1,3:2,4:7,5:6,6:3,7:5;0:0	172802,172408,182638,176138,172414,180804,181064,181504,179971	13626,15567,18846,77040,22627,20358,234214,217124,211651
1774+bno7-1774+bno7;1:1,2:2,3:3,4:4,5:5,6:6;0:0-7:7	181504,172802,172061,174765,176023,175429,174630,172969,172414,179971	22627,240057,330662,18675,14183,16591,64654,14182,16399,56376
1276+bno5-1276+bno7;0:0,1:1,2:2,3:3,4:4,7:7;	177374,172268,175195,176379,180819,172703,181578,174317,13188172,171737	20185,22259,211651,170826,71950,77040,217124,13626,50754,20787
1309+bno4-1627+bno4;0:0,1:3,2:1,3:2,4:5,6:4,7:7;	178311,172802,184201,175195,172414,176138,171602,181504,185757	17762,20371,22190,22627,74222,18952,21841,14462,20238
1276+bno4-1276+bno4;0:0,2:4,3:5,4:2,5:3,7:7;1:1	173293,178311,172703,174317,175638,175813,175227,181578,185757,172679	13626,22385,71846,75740,214704,74075,18491,20957,214669,78911
1276+bno3-4067+bno0;0:4,2:5,3:0,4:7,5:1,7:3;	181504,172414,178867,172061,172212,176631,179971,171917,175922,172943	211651,13626,12753,18999,93696,59001,71950,109741,22724,209446
1662+bno3-1662+bno4;0:0,1:1,2:2,3:3,4:4,5:5,6:6,7:7;	172703,185757,178357,178311,175227,174317,175195,181578	20238,211651,74112,217124,15567,15204,13626,22190
1627+bno6-1718+bno0;0:5,1:0,2:3,6:7,7:4;	176848,171990,172760,172802,181111,176138,181573,181504,172167,172061,175275	77832,78797,72515,217124,100155,211651,83558,13626,320558,15567,13006
1309+bno3-1627+bno3;0:0,2:6,3:2,4:5,5:3,6:4,7:7;1:1	172414,181728,178012,182446,175350,174437,178501,177594,181504	17762,20371,20238,74222,18952,22190,21841,14462,22627
1309+bno0-1627+bno0;0:0,3:2,4:5,7:7;1:3	175195,172703,181578,174317,183618,171990,180819,180914,184429,178311,178250,173293	211651,22190,20238,12929,18675,16591,14182,64654,217124,14784,16590,77040
1276+bno5-1276+bno6;1:1,2:2,5:5,6:6;7:7	175227,184429,185757,177701,181495,173276,190226,181481,172802,176138,172414,179971	72016,217124,15567,19249,66438,22051,65221,69568,403183,27050,21423,30794
1325+bno0-1325+bno0;0:0,1:1,3:3,4:4,5:5,6:6,7:7;2:2	172802,173146,180768,180981,183583,178640,180022,175223,181504	217124,214552,381229,67661,208727,77040,240255,18286,22627
1276+bno3-1325+bno7;0:4,2:1,3:2,4:5,5:7,7:6;	174317,179677,185675,171818,181332,175062,171715,180203,179709,266844	211651,13626,19247,15567,12804,12803,217124,16880,77040,14810
1276+bno3-1276+bno4;0:2,2:0,3:3,4:4,7:7;1:1,5-6:1	172061,176758,172802,185623,190424,259401,182921,177737,179971,177481,174090	217124,14265,77040,16559,208727,214552,18286,67661,22627,13626,211651
1276+bno0-1734+bno0;0:0,2:1,3:5,4:2,5:6,6:3,7:7;	172802,181950,181030,177203,178614,172414,181504,172497,176138	15567,76138,217331,208606,74918,208727,14265,67574,252875
2660+bno5-2660+bno7;0:0,1:1,2:2,4:4,5:5,6:6,7:7;	175195,172414,172373,172802,185757,179714,178507,181504,184429	217124,22724,101739,18999,13626,18424,71950,209446,211651
1718+bno3-1718+bno7;1:5,2:7,3:3,4:6,5:1,6:4,7:2;	173846,174473,185757,175227,178311,175195,173894,179217,184429	74075,75740,22190,56318,22385,26554,18491,20957,20238
1309+bno4-1627+bno4;0:0,1:3,3:2,4:5,6:4,7:7;2:6	175195,178311,172802,184201,172414,176138,171602,181504,184429,185757	20238,22190,20371,17762,74222,18952,21841,14462,11537,22627
1276+bno5-1277+bno6;1:3,3:1,4:6,7:5;	175195,179677,177698,176220,181489,172703,181578,174317,178250,175227,3565703,179709	11537,240057,330662,14182,50915,13626,211651,22627,230796,77040,21687,14784
1629+bno4-1629+bno4;0:0,2:2,3:3,4:4,5:5,7:7;	178311,178250,176023,186376,180819,177374,176301,174482,181578,174317	15567,14265,18845,21821,208727,264134,12589,68259,22627,217331
1631+bno4-2699+bno7;0:4,2:1,3:7,4:2,5:5,7:6;	175227,178311,174437,177141,175195,179631,185183,174102,185757,178012	77040,217124,209446,94093,13626,26380,81879,18999,211651,22724
1276+bno7-1718+bno0;0:2,3:3,4:4,7:5;	4363084,172041,178365,178585,172061,172414,181504,172802,4363062,175613,177236,176753	237256,58234,260305,244585,77040,211651,13626,217124,237213,16525,11845,73728
1631+bno7-1718+bno1;1:0,3:1,4:6,5:3,6:7,7:4;	172061,174571,178391,179400,177457,171965,180195,172802,176138,181504	77040,15567,76080,238055,51791,58234,11808,217124,211651,13626
1276+bno5-1633+bno5;1:2,2:3,4:1,5:4,6:5,7:6;	172414,172061,176301,176061,172802,175677,190226,181504,180819,177374	211651,15567,12591,26380,217124,13711,13813,13626,209446,18999
1276+bno3-1276+bno4;0:0,2:2,3:3,4:4,5:5,7:7;6:1	175227,179709,189530,178893,4363060,191432,172676,176682,180819,177374	11537,22627,21423,11820,18503,17286,17762,56736,77040,14265
1277+bno7-1662+bno7;0:2,1:1,2:4,3:0,5:3,6:6,7:5;	181504,172061,178525,180986,172414,171986,189675,172802,179971	13626,77040,14871,15567,211651,665113,12386,217124,22627
1276+bno6-1627+bno7;1:1,3:7,4:0,6:6;7:2	175227,171602,176504,178311,174598,185757,175195,175701,173293,178823,172981,184429	384061,12229,11479,14688,269275,13626,211651,14561,217124,21812,18479,20430
1276+bno6-1629+bno6;0:5,2:3,3:0,4:7,5:6,6:1,7:4;	176574,175227,172737,178250,180819,174966,179361,187528,174317	244667,211651,18518,77040,217124,232314,70351,19052,13626
1720+bno6-1720+bno7;1:1,2:2,3:3,4:4,5:5,6:6,7:7;	173846,173278,172061,176138,181504,172802,172414,176195,174090	11537,211651,22724,20926,71950,209446,13626,22627,384061
1276+bno5-1276+bno6;1:0,3:1,4:6,6:7;	172703,172687,175275,171838,172414,190298,174314,181504,172760,172061,172802,187262	15567,22190,20238,19707,11537,103268,59005,22627,209446,13626,211651,66988
4076+bno6-6613+bno5;1:2,2:5,3:7,4:1,5:3,6:4,7:6;	173846,176138,177342,172802,176957,181504,172414,179971,172061	15567,22190,13626,22627,211651,20238,11772,217124,77040
1276+bno5-1850+bno0;0:2,3:3,4:4,7:5;	179064,178943,176999,177816,176138,172802,179971,172414,179072,173873,181504,172429	13592,99377,170740,94187,211651,77040,217124,13626,13591,13593,14359,228598
1627+bno0-2300+bno0;0:0,1:3,3:2,4:6,5:1,6:5,7:7;	182923,189084,172061,181504,172414,180919,172802,174760,179971	68054,20730,77040,13626,211651,16625,217124,67931,22627
1276+bno5-1276+bno5;0:3,3:0,4:7,7:4;	3896821,181697,180176,180009,176138,172802,179971,172414,3896822,174090,175904,177403	58244,20614,22318,67474,77040,211651,13626,217124,59036,26380,27221,66580
1276+bno3-1276+bno5;1:3,2:2,5:7,6:4;7:5	180819,185828,172429,187528,184429,175227,178311,173293,175195,185831,171722,176296	384061,11481,11480,50791,211651,15567,217124,13626,77040,114886,665113,58194
1719+bno4-1719+bno4;0:0,1:1,3:3,4:4,5:5,6:6,7:7;2:2	172414,178250,177374,181421,172802,181504,179959,180819,176138	211651,213452,243634,78252,20661,545030,228432,404545,11461
1278+bno4-1278+bno6;1:1,2:2,3:3,4:4,5:5,6:6,7:7;	175195,172703,178250,184429,173293,180510,181578,178311,175227	11537,72927,77040,13626,211651,67561,11829,22627,384061
6645+bno4-6645+bno6;0:0,1:1,2:2,3:3,4:4,5:5,6:6,7:7;	176138,171710,172061,179971,172802,180718,172414,181504	77040,13626,22190,20238,17918,211651,22627,217124
1276+bno6-562+bno4;2:2,3:5,4:4,5:6,6:1;	178250,171856,178311,175227,185757,175195,179033,183417,181578,184429,174317	230796,15567,14784,211651,68537,21648,13626,217124,11537,68572,68193
1309+bno4-1718+bno6;0:1,1:2,3:3,4:4,6:5,7:6;	185757,175195,172414,175227,172703,181578,174317,175956,172802,181504	209446,22724,15567,208727,235344,74343,12912,16328,77040,217124
1629+bno4-1629+bno4;0:0,2:2,3:3,4:4,5:5,7:7;1:1	178311,178250,176023,186376,180819,177374,176301,174482,175195,174317	77040,14265,18845,21821,208727,264134,12589,68259,22627,217331
1276+bno5-1276+bno7;0:3,1:1,3:0,4:7,7:4;	175275,259626,4927056,172414,179721,172061,172802,181504,179959,181450,186785	71950,19697,18033,211651,26410,15567,217124,13626,77040,18412,19766
6860+bno5-6860+bno6;0:0,1:1,2:2,3:3,4:4,5:5,6:6,7:7;	173846,172061,176138,172414,181504,172802,181800,179971	211651,217124,22724,209446,22596,77040,13626,22627
1276+bno7-1276+bno7;0:2,3:1,4:6,7:5;2:7	180572,173169,176531,172226,172061,172414,181504,172802,174090,180582,177629,180748	68813,240057,75547,217944,15567,211651,13626,217124,17762,68815,208727,14265
1276+bno1-1718+bno1;0:0,1:5,2:1,5:6,6:4,7:7;	171691,173701,184566,177602,177593,181283,180637,176895,179945,187278	27221,234729,78177,13626,623474,58234,217124,245695,211651,15567
1276+bno3-1309+bno5;0:1,2:5,3:3,4:4,5:2,7:6;	184429,185757,172703,174317,177846,178272,175195,181578,172414,176138	211651,22627,208727,22724,235344,74343,209446,12912,15567,16328
1276+bno7-1629+bno7;0:5,3:0,4:7,7:2;	181030,177457,180014,176743,172061,176138,181504,172802,180069,174437,178012,174825	208727,69716,230796,83679,13626,11537,22627,211651,69847,15567,217124,53416
1276+bno7-1629+bno0;2:4,3:1,4:6,5:7,6:0,7:3;	177374,181865,181450,172061,172802,178730,186791,179959,188081,266652	211651,15939,71950,77040,217124,18140,66468,13626,22724,209446
1276+bno7-1277+bno7;0:2,3:1,4:6,7:5;	179197,180986,180928,175874,172061,176138,181504,172802,174090,179165,172250,172693	14755,77040,18412,22088,15567,211651,13626,217124,20371,14780,266614,259279
1276+bno4-1325+bno7;0:4,3:0,4:7,7:3;	172703,175275,173238,181578,172414,172061,172802,181504,174309,173231,178364,181030	22724,71950,18999,19664,211651,15567,217124,13626,77040,19882,16590,14784
1720+bno5-1720+bno7;1:1,2:2,3:3,4:4,5:5,6:6,7:7;	173846,173278,172061,176138,181504,172802,172414,176195,174090	11537,211651,22724,20926,71950,209446,13626,22627,384061
1662+bno5-1662+bno7;0:0,1:1,2:2,3:3,4:4,5:5,6:6,7:7;	172414,172081,172802,178250,178311,179945,189724,181504	22190,211651,382034,217124,77040,99982,13626,20238
1850+bno0-2671+bno7;2:3,3:6,4:2,5:7,6:4;	171791,176758,190424,172061,181504,172414,179971,172802,173846,175275,171697	232875,15567,665113,77040,13626,211651,22627,217124,384061,16468,232533
1276+bno0-1276+bno6;0:1,1:7,5:3,6:4;	175879,184429,185757,176608,179413,181504,172061,172802,172414,175275,172737,179358	15227,22724,209446,104806,100040608,217124,211651,13626,77040,15567,14800,244723
1629+bno0-1662+bno7;0:1,2:3,3:7,4:5,5:4,6:0,7:6;	172061,173501,259333,181504,176138,175716,172802,174588,172414	211651,71740,16452,217124,216439,20779,13626,19116,15567
1276+bno5-1627+bno6;2:3,3:7,4:5,5:6,6:1,7:4;	174437,175741,177869,181504,172414,177981,172686,171601,172802,176138	21834,18514,16452,217124,20430,20851,15416,18708,77040,13626
1718+bno0-1774+bno0;0:0,2:3,3:2,4:5,5:4;7:7	174350,172414,181281,179634,172061,176138,181504,172802,175449,176011,181423	20779,58234,13543,18770,211651,15567,217124,13626,17125,13207,66313
1718+bno2-1718+bno2;0:0,1:1,3:4,4:3,6:6,7:7;	181504,172802,176945,179210,266820,176122,172393,174521,178311,178250	77040,217124,20957,18491,26554,13626,22385,75740,20238,22190
1276+bno6-562+bno5;1:5,3:2,4:6,6:3,7:1;	172414,172760,180864,173070,172061,172802,183865,181504,174090,175535,175796	77040,58234,245684,12877,211651,13626,74108,217124,20238,11820,59026
1276+bno6-1276+bno7;2:7,5:4,6:3,7:0;	175227,178535,185757,175195,176172,13215535,190922,178311,172414,172687,175275,176138	211651,12163,15567,217124,12826,110075,278507,13626,384061,12824,12814,12834
1276+bno6-1627+bno7;0:0,1:6,2:5,5:4,6:3,7:7;	172703,181578,175227,175620,266820,171652,172027,179709,174793,178250	211651,13626,77040,22190,58234,20874,15239,217124,20238,15567
1276+bno3-1276+bno5;2:2,3:1,4:6,5:7,6:0,7:5;1:4	189530,180819,178893,4363060,191432,172676,177374,176682,181578,179709	22248,14265,230796,19142,70611,83679,208727,65964,217124,58234
1276+bno5-1309+bno0;0:1,1:0,3:2,4:5,5:3,6:7,7:6;2:4	177190,172061,179142,172414,181504,174777,174310,172802,175668	58234,77040,94245,211651,13626,20779,13196,217124,216439
1634+bno6-1634+bno6;1:1,2:2,3:3,4:4,5:5,6:6,7:7;0:0	172414,172061,172127,173134,174744,172203,172802,181504,176138	209446,56522,211651,77040,217124,13626,83410,14030,22724
1276+bno0-1276+bno5;0:1,2:5,5:2,6:7,7:6;	177602,171691,173701,191642,177593,181283,180637,176895,175162,175227,173894	208727,59003,77622,224088,67241,19877,83679,52857,230796,15567,58234
1276+bno4-1627+bno7;0:4,3:1,4:6,7:3;	175195,172390,175227,178311,176516,266923,177937,180917,172414,172061,172802,179971	214669,74075,214704,78911,75740,66654,71846,20957,26554,56318,18491,22385
1627+bno7-562+bno5;0:1,2:2,3:5,4:4,5:7,7:6;	172414,181504,184429,175195,172802,175703,177701,185757,175227,172061	211651,13626,20238,240518,217124,77040,18412,22190,22724,15567
1276+bno7-1718+bno2;0:5,1:0,2:6,5:1,6:7,7:4;3:2	172943,175922,172802,181283,191326,177702,187058,176758,172061,190424	217124,77040,211651,13528,24064,319278,406221,14784,13626,20662
1276+bno5-1276+bno5;2:5,3:4,4:7,5:6,6:1,7:2;0:0	172969,172458,3565921,181504,172802,181526,182980,171915,172061,172414	14265,626596,71820,13626,217124,68922,244653,15567,77040,211651
1276+bno6-1276+bno7;1:1,2:2,3:3,5:5,6:6;	174090,172061,177583,180096,179028,172802,4363077,191290,175195,181504,173319	20238,18022,19185,211651,77040,330361,217124,13626,208727,17979,14265
1276+bno7-1635+bno7;1:3,2:2,5:5,6:4;	174317,181297,179229,175879,172414,172061,172802,181504,173846,173454,181289,179971	208727,16869,16825,14265,211651,77040,217124,13626,11537,16875,24131,22627
2202+bno5-2202+bno6;0:0,1:1,2:2,3:3,4:4,5:5,6:6,7:7;	177374,172943,172802,176138,172414,181504,172061,175972	20238,217124,18412,72543,66914,22088,77040,22190
1309+bno3-1627+bno3;0:0,3:2,4:5,5:3,6:4,7:7;2:1	179779,185757,179666,260219,190704,175195,177107,191342,173293,178311	217331,77040,20505,328329,546071,14265,208727,17776,217124,15567
1634+bno5-1634+bno6;0:0,1:1,2:2,3:3,4:4,5:5,6:6,7:7;	175227,172703,175195,179096,184429,185757,181578,174317	230796,66307,211651,22190,20238,22627,28018,56207
1718+bno1-1718+bno1;0:0,1:1,2:2,3:3,4:4,5:5,7:7;6:6	171722,180282,181722,184429,175227,177701,185757,173213,3565590	58234,12702,20779,211651,15567,217124,13626,12991,216439
1276+bno3-1276+bno5;0:2,3:1,4:6,7:5;6:3	175195,178068,4926960,174317,177073,184533,186170,183737,172737,175227,179709,3565767	208727,12914,22059,16531,170740,103889,381308,22642,209446,217124,13626,99377
1309+bno3-1309+bno3;0:0,1:5,3:3,4:4,5:1,6:6,7:7;2:2	181504,181728,174437,182446,175350,172414,178501,177594,178012	20238,20371,17762,74222,18952,22190,21841,14462,22627
1718+bno7-1718+bno7;1:1,2:2,3:3,4:4,5:5,6:6;0:0-7:0	172802,172061,178538,177374,176023,175429,174050,173279,179971,174090	260305,320299,20661,627626,243634,404545,213452,228432,11461,545030
1309+bno0-1627+bno0;0:0,1:3,3:2,4:5,6:4,7:7;2:1,6	172414,177342,191497,172802,180115,186045,176957,180200,176138,181504	22627,211651,404545,260305,78252,20661,320299,228432,217124,58234
1276+bno5-1774+bno0;0:2,3:3,4:4,7:5;	178348,175275,172910,178458,172414,172061,172802,181504,178363,171923,176011,179117	170742,16531,22059,12914,77040,211651,13626,217124,170744,16409,11837,12229
1276+bno3-1276+bno7;0:0,1:1,2:2,4:4,5:5,6:6,7:7;	184429,181578,172414,172826,185757,172802,181504,175545,175195	18712,20238,77040,211651,12703,13626,217124,67089,18715
1276+bno4-1276+bno4;2:2,3:3,4:4,5:5,6:6,7:7;0:0	172414,175227,172408,172061,172802,192056,179709,181504,176138,181578	209446,15567,211651,22190,20238,13626,217124,21917,22724,77040
1662+bno4-1662+bno6;0:0,1:1,2:2,3:3,4:4,5:5,6:6,7:7;	172414,172081,172802,178250,178311,179945,189724,181504	20371,15567,74778,22627,211651,13626,217124,54723
2300+bno1-2300+bno2;1:1,2:2,3:3,4:4,5:5,6:6,7:7;	190386,185623,174090,172802,172061,179971,177481,181221,182684	620631,16559,211651,77040,217124,22627,13626,68259,18845
1629+bno7-1629+bno7;0:0,2:2,3:3,4:4,5:5,6:6,7:7;	190993,181504,179971,178756,181019,173846,178225,172802,185535	11537,208727,12589,18845,68259,21821,18186,264134,384061
1276+bno5-1276+bno5;0:0,2:2,4:4,5:5,6:6,7:7;1:1	183464,172061,178867,174316,172802,177377,174691,175916,187164,181504	217944,11537,18999,22724,22627,56878,207212,209446,268480,211651
1276+bno5-1629+bno7;0:0,1:1,3:5,4:2,7:7;	171915,3565921,181526,172061,173784,172414,181504,172802,178460,181324,179752	20238,22190,26409,11537,11797,13626,211651,22627,15567,217124,22031
1276+bno6-1850+bno0;0:4,3:2,4:6,7:3;	190224,174090,177481,171765,172802,176138,172414,179971,190259,178943,181504,191383	83679,71950,77305,230796,211651,77040,217124,13626,83768,14810,22627,18803
1634+bno7-1634+bno7;1:1,2:2,3:3,4:4,5:5,6:6,7:7;0:0	172414,172061,172127,173134,174744,172203,172802,181504,176138	209446,56522,211651,77040,217124,13626,83410,14030,22724
1276+bno5-1627+bno7;1:6,3:0,4:7,5:4,6:3;	177374,175638,172679,191707,184429,185757,172174,177736,174657,175195,176328	208727,22059,16531,16391,77040,217124,12914,15976,13796,13626,12387
1276+bno0-1627+bno7;0:1,1:2,2:3,5:4,6:5,7:6;	185757,175195,191876,172802,172775,172910,172743,175541,172414,181504	208727,217331,12226,209446,27140,18424,18999,69125,13626,71950
1276+bno7-1276+bno7;1:1,3:3,4:4,5:5,6:6;	175227,179677,174317,3565842,172703,181578,172021,181471,176138,180781,178272	15567,17756,217124,270190,211651,13626,319757,21844,209446,75410,71950
1276+bno6-1627+bno7;1:6,2:5,4:0,5:4,6:3,7:7;	175227,172703,175620,266820,181578,171652,172027,179709,174793,178250	77040,211651,22190,58234,13626,20874,15239,217124,20238,15567
1276+bno6-1276+bno6;1:1,2:2,5:5,6:6;3:3	173293,175227,171722,180324,174941,177431,185800,173746,173846,179709,182136,179429	22190,217124,15567,51789,21821,194401,18845,68259,22724,13626,211651,16572
1276+bno0-1276+bno4;0:4,1:1,2:2,4:0,5:5,6:6,7:7;	181504,175788,175195,172703,172802,181578,174317,177943,175902	22190,241514,211651,77040,20238,217124,13626,237943,380713
1276+bno5-1329+bno7;0:3,3:1,4:6,7:4;	173988,180986,175012,175050,172061,172414,181504,172802,173846,173952,172330,179971	320844,216439,140887,229715,77040,211651,13626,217124,11537,320923,71175,22627
1276+bno0-1627+bno7;0:1,1:7,2:3,5:4,7:6;6:2,5	175628,178068,184429,173166,185757,176507,172981,181498,175195,173293,178821	68010,225497,58234,12614,217124,12927,20779,71703,13626,15567,216439
1276+bno5-1718+bno2;1:0,2:6,4:5,5:1,6:7,7:4;	175922,172061,181283,191326,172802,177702,187058,176758,181504,190424	209446,217124,66056,13390,13626,12022,239652,20674,211651,11695
1411+bno5-1411+bno6;0:0,1:1,2:2,3:3,4:4,5:5,6:6,7:7;	173846,178587,172061,176138,172414,172802,181504,179971	15567,13626,77040,12260,12721,22627,211651,217124
1277+bno7-1722+bno0;1:0,2:6,3:2,4:5,5:1,6:7,7:4;	173846,174781,172802,176138,172414,180986,172071,179971,172061	77040,23844,58234,211651,13626,20779,24001,217124,15567
6645+bno5-6645+bno6;0:0,1:1,2:2,3:3,4:4,5:5,6:6,7:7;	176138,171710,172061,179971,172802,180718,172414,181504	77040,13626,22190,20238,17918,211651,22627,217124
1276+bno7-2826+bno4;0:3,1:5,3:6,4:0,6:1,7:7;	179040,188034,172061,172718,172414,181504,181591,172802,181494,179971	15567,93742,77040,76123,211651,13626,233752,217124,14681,22627
2300+bno0-2300+bno2;2:6,3:3,4:5,5:4,6:2;	190408,173846,179429,172802,176138,172414,181504,179971,177374,176516,190379	13983,19821,56406,211651,77040,217124,22627,13626,27389,13861,240892
1718+bno2-1726+bno6;1:5,2:0,3:6,4:3,5:7,6:4,7:2;	172873,174315,173846,181504,172414,179971,176138,177483,172802	66549,56708,15567,211651,13626,217124,50767,110350,22627
1278+bno5-1288+bno4;0:0,2:1,3:3,4:4,5:6,6:5,7:7;	184429,175227,182953,172703,181578,177938,185757,174317,175195	77040,230796,211651,16885,226751,13626,217124,360013,15567
2820+bno4-2820+bno5;0:0,1:1,2:2,3:3,4:4,5:5,6:6,7:7;	174090,181504,172061,177853,178346,172802,177583,179971	211651,22724,140486,15567,217124,209446,13626,22627
1276+bno6-1309+bno0;1:0,2:6,4:2,5:4,6:7,7:5;	175227,185757,181161,176172,175195,4363020,190922,178311,172687,178535	211651,77040,330485,99375,217124,15412,107751,13626,230796,18508
1309+bno6-1718+bno2;0:5,1:7,3:3,4:6,6:1,7:4;	173728,189994,172802,191457,176138,172414,173410,181504,173281,172061	68121,109229,217124,52184,211651,67604,234915,13626,76453,77040
2660+bno5-2660+bno5;0:0,1:1,2:2,4:4,5:5,6:6,7:7;	184429,172414,172373,172802,185757,179714,178507,181504,175195	211651,22724,101739,18999,13626,18424,71950,209446,217124
1276+bno6-1278+bno4;0:1,3:2,4:5,7:6;	172703,178250,176189,181578,175227,185757,175195,178311,173846,176150,177989,171647	14229,58234,83679,230796,77040,211651,13626,217124,11537,12831,14231,14828
1631+bno2-1631+bno2;0:0,2:2,3:3,4:4,5:5,6:6,7:7;1:1	175227,176895,189263,177334,172553,171691,171722,173701,177701	216439,192232,17828,94245,18457,117197,13196,232946,20779
1627+bno6-1718+bno1;0:5,2:3,3:7,4:1,5:6,6:0,7:4;	178250,172802,176138,4363029,175601,172414,177519,181504,172061	70884,217124,211651,110350,56708,50767,66549,13626,15567
2309+bno6-2309+bno7;0:0,1:1,2:2,3:3,4:4,5:5,6:6,7:7;	176138,177254,174090,172802,172061,179971,178012,181504	384061,77040,15567,211651,13626,67959,217124,22627
1276+bno6-1276+bno7;0:0,1:6,3:3,4:4,6:1,7:7;2:2	179941,175712,175227,172718,172703,181578,180449,179709,173744,177629	216439,20779,77040,13405,211651,13626,12391,217124,240057,56376
1325+bno5-1325+bno6;0:5,1:1,3:4,4:3,5:0,6:7,7:6;	172414,174317,172061,187888,176437,181504,172802,175879,175195	211651,22724,77040,320271,15567,13626,217124,12419,209446
1276+bno5-1276+bno5;1:6,3:4,4:3,6:1;	181578,180997,180896,178272,175565,172414,176138,178878,172802,171923,175161,179971	11537,20238,110095,22627,212919,13626,211651,217473,18999,13711,80859,26380
1627+bno2-562+bno7;0:1,2:2,3:5,4:4,5:7,6:3,7:6;	177374,180176,181341,175429,176023,179671,174050,180009,175786	217124,76779,55978,211651,17984,73916,13626,21821,230796
1276+bno5-1278+bno6;0:0,3:3,4:4,7:7;	178702,180819,177374,171628,175195,172703,181578,174317,178698,175227,189791,178416	11820,16531,16765,94232,77040,211651,13626,217124,16798,15567,58234,260305
1627+bno6-1718+bno2;2:4,3:7,4:1,5:6,6:0,7:3;0:5	172802,171722,172414,177483,174315,176138,172873,181504,173846,179971	217124,70884,211651,110350,56708,50767,66549,13626,384061,22627
4317+bno4-4317+bno6;0:0,1:1,2:2,3:3,4:4,5:5,6:6,7:7;	173846,172414,177481,172802,172061,181504,173404,179971	20238,211651,16440,217124,77040,13626,22190,22627
1640+bno5-1640+bno7;0:0,1:1,2:2,3:3,4:4,5:5,6:6,7:7;	172061,176138,179627,178640,180986,175085,181504,172802	11537,68591,77040,211651,13626,217124,22139,11657
1278+bno6-1718+bno1;1:7,2:3,3:2,4:5,5:6,6:1,7:4;	175227,172027,178250,172703,181578,266820,171652,179709,175620	77040,78177,15567,211651,13626,14580,67747,217124,245695
1276+bno5-1309+bno7;0:1,2:5,3:3,4:4,5:2,7:6;	172703,181578,175227,175912,184429,173293,176926,172948,175195,185757	217124,15567,230796,208727,378431,21953,14265,83679,211651,24131
1276+bno5-1276+bno7;1:1,3:3,4:4,5:5,6:6;7:0	175227,174437,180535,183741,172414,181504,178013,175220,172061,174309,172802	11537,66725,22627,239405,13626,211651,77110,71801,77040,233328,14784