syeast0-syeast05	65	0.8691018383	26	129	119	0.9224806202
syeast0-syeast10	35	0.7147402597	8	83	58	0.6987951807
syeast0-syeast15	13	0.5068376068	4	62	30	0.4838709677
syeast0-syeast20	15	0.5074074074	0	46	21	0.4565217391
syeast0-syeast25	11	0.5222222222	0	51	21	0.4117647059
cat-cow	2207	0.812510135	966	2985	1477	0.4948073702
cat-dog	2191	0.8134499154	1021	3044	1484	0.4875164258
cat-guineapig	2029	0.8161901936	957	2822	1367	0.4844082211
cat-horse	182	0.438952714	0	552	101	0.1829710145
cat-human	4	0.1833333333	0	29	4	0.1379310345
cat-mouse	1441	0.771676394	514	2480	1031	0.4157258065
cat-pig	816	0.8349497282	492	1361	845	0.6208670096
cat-rabbit	1013	0.7652467227	430	1720	730	0.4244186047
cat-rat	1846	0.7685834405	586	2707	1038	0.383450314
cat-sheep	10	0.6944444444	1	39	26	0.6666666667
cow-dog	5363	0.8374940508	2584	4306	2136	0.4960520204
cow-guineapig	5487	0.8509325036	2814	4070	2138	0.5253071253
cow-horse	390	0.4856397804	5	951	209	0.2197686646
cow-human	6	0.403030303	1	33	16	0.4848484848
cow-mouse	3811	0.8179558743	1575	3751	1813	0.4833377766
cow-pig	1840	0.8632343291	1101	1945	1204	0.6190231362
cow-rabbit	2412	0.7903677514	1062	2804	1126	0.4015691869
cow-rat	4957	0.8137492027	1903	3944	1718	0.4355983773
cow-sheep	27	0.5523007856	7	105	50	0.4761904762
dog-guineapig	5370	0.845696226	2860	4235	2157	0.5093270366
dog-horse	350	0.4808267288	2	860	182	0.211627907
dog-human	7	0.3464285714	0	23	7	0.3043478261
dog-mouse	3443	0.8122931938	1518	3711	1661	0.4475882511
dog-pig	1758	0.8700022784	1187	1878	1206	0.642172524
dog-rabbit	2244	0.7824525334	1023	2700	1077	0.3988888889
dog-rat	4860	0.8044058422	1852	4076	1735	0.4256624141
dog-sheep	28	0.4809926185	5	98	35	0.3571428571
guineapig-horse	351	0.4644934442	4	850	158	0.1858823529
guineapig-human	9	0.3200617284	0	36	9	0.25
guineapig-mouse	3719	0.8323353919	1726	3701	1859	0.5022966766
guineapig-pig	1583	0.8529001812	1016	1773	1075	0.6063169769
guineapig-rabbit	2351	0.8023308619	1105	2599	1131	0.4351673721
guineapig-rat	5242	0.8330065691	2277	3901	1881	0.4821840554
guineapig-sheep	29	0.4398554511	8	100	43	0.43
horse-human	8	0.1069444444	0	33	1	0.0303030303
horse-mouse	347	0.5323901843	1	843	188	0.2230130486
horse-pig	2030	0.582335672	3	2633	414	0.157235093
horse-rabbit	719	0.5733137786	29	1559	347	0.222578576
horse-rat	360	0.4376920919	3	918	135	0.1470588235
horse-sheep	22	0.4855716253	1	79	23	0.2911392405
human-mouse	5	0.2355555556	0	20	4	0.2
human-pig	9	0.1916666667	0	31	4	0.1290322581
human-rabbit	5	0.2444444444	1	30	7	0.2333333333
human-rat	12	0.2412037037	0	39	8	0.2051282051
human-sheep	91	0.5245587746	21	279	105	0.376344086
mouse-pig	1170	0.8125504054	551	1642	922	0.5615103532
mouse-rabbit	1682	0.778007321	669	2293	941	0.4103794156
mouse-rat	3553	0.7997969312	1221	3595	1592	0.442837274
mouse-sheep	16	0.1522253788	0	41	3	0.07317073171
pig-rabbit	1202	0.7704072596	504	1957	758	0.3873275422
pig-rat	1472	0.8148454919	658	1636	850	0.5195599022
pig-sheep	38	0.5535619351	7	116	56	0.4827586207
rabbit-rat	2179	0.7662993831	736	2538	928	0.365642238
rabbit-sheep	29	0.6944444444	12	100	55	0.55
rat-sheep	26	0.3039724165	1	88	19	0.2159090909
reddit_s0-reddit_s1	449	0.9817569093	402	304	301	0.9901315789
reddit_s0-reddit_s3	98	0.9545222635	77	231	223	0.9653679654
reddit_s0-reddit_s5	93	0.9838709677	78	174	173	0.9942528736
sxso_s0-sxso_s1	8407	0.9309942394	6729	10313	8711	0.844662077
sxso_s0-sxso_s3	1978	0.8916939776	1328	3032	2083	0.687005277
sxso_s0-sxso_s5	36	0.2839646465	2	154	22	0.1428571429
math_s0-math_s1	33	0.8647759648	6	81	69	0.8518518519
math_s0-math_s3	6	0.5555555556	0	28	17	0.6071428571
math_s0-math_s5	7	0.4274376417	0	36	12	0.3333333333
super_s0-super_s1	680	0.807553329	466	1784	1342	0.7522421525
super_s0-super_s3	502	0.2105893829	13	1092	86	0.07875457875
super_s0-super_s5	110	0.1560297278	5	395	18	0.04556962025
ubuntu_s0-ubuntu_s1	500	0.819189849	265	1029	751	0.7298347911
ubuntu_s0-ubuntu_s3	266	0.3528312122	7	1026	228	0.2222222222
ubuntu_s0-ubuntu_s5	262	0.03365279758	0	1146	24	0.02094240838
wiki_s0-wiki_s1	241	0.9323351614	208	325	289	0.8892307692
wiki_s0-wiki_s3	10	0.4155555556	1	47	13	0.2765957447
wiki_s0-wiki_s5	9	0.4074074074	2	46	15	0.3260869565
email_s0-email_s1	16	0.15625	1	30	7	0.2333333333
email_s0-email_s3	8	0	0	33	0	0
email_s0-email_s5	10	0.03333333333	0	39	3	0.07692307692
college_s0-college_s1	28	0.8551587302	19	56	49	0.875
college_s0-college_s3	17	0.4435828877	4	33	13	0.3939393939
college_s0-college_s5	2	0.1111111111	0	16	1	0.0625
otc_s0-otc_s1	2372	0.9888214477	2268	1773	1739	0.9808234631
otc_s0-otc_s3	1653	0.9859169096	1571	1479	1424	0.9628127113
otc_s0-otc_s5	1443	0.9712040616	1310	1398	1289	0.9220314735
alpha_s0-alpha_s1	873	0.9901556951	838	570	553	0.9701754386
alpha_s0-alpha_s3	2	0.5055555556	0	18	9	0.5
alpha_s0-alpha_s5	1	0.2	0	10	2	0
