degree	count
4440	1
2029	1
2010	1
1908	1
1722	1
1696	1
1488	1
1439	1
1384	1
1383	1
1286	1
1094	1
1083	1
1081	1
1036	1
1032	1
967	1
944	1
941	1
830	1
818	1
792	1
769	1
753	1
748	1
728	1
717	1
713	1
708	1
684	1
668	1
654	1
645	1
644	1
639	1
622	1
616	1
613	1
611	1
607	1
606	1
605	1
581	1
575	1
568	1
561	2
559	1
556	1
552	1
551	1
546	1
544	1
538	1
530	1
522	1
520	1
513	1
512	1
509	1
498	1
497	1
492	2
491	1
487	1
480	2
471	1
465	2
456	1
453	1
451	2
446	2
444	1
443	2
442	2
437	1
433	1
432	1
428	2
427	1
425	1
421	2
418	1
414	3
413	1
411	1
405	1
404	2
402	1
400	1
399	1
398	1
397	1
396	3
395	2
391	1
389	2
388	1
386	1
385	1
384	1
382	2
380	2
379	1
378	1
374	1
371	1
368	2
361	1
360	1
356	1
355	1
354	2
352	1
347	2
346	2
343	3
341	1
340	4
339	2
338	4
336	1
332	1
330	1
329	2
327	1
325	1
324	1
323	2
322	2
321	2
320	1
317	1
315	1
314	2
313	1
311	2
310	3
308	2
307	1
306	1
305	1
304	2
303	2
302	2
300	3
299	2
298	3
297	4
296	2
293	1
292	2
291	3
290	2
289	5
288	2
287	3
286	1
285	2
284	5
283	1
282	2
281	1
280	1
279	2
277	2
276	1
275	1
274	5
272	1
271	2
269	1
268	3
267	3
266	2
265	3
264	1
263	2
262	1
261	1
260	1
259	6
258	2
257	2
256	3
255	1
254	3
253	2
252	1
251	1
250	1
248	2
246	4
244	2
243	3
242	4
241	6
240	2
239	3
238	2
237	2
236	2
235	1
234	2
233	3
232	2
231	1
230	3
229	2
228	3
227	1
226	1
225	3
224	2
223	5
222	5
221	6
220	5
219	2
218	2
217	3
216	2
214	3
213	2
212	5
211	3
210	6
209	2
208	5
207	3
206	1
205	1
204	5
203	5
202	2
201	4
200	3
199	5
198	4
197	8
196	4
195	3
194	3
193	1
192	2
191	7
190	10
189	6
188	4
187	2
186	5
185	3
184	8
183	5
182	4
181	3
180	2
179	8
178	6
177	6
176	6
175	6
174	7
173	5
172	9
171	7
170	7
169	5
168	4
167	9
166	8
165	3
164	3
163	9
162	11
161	3
160	11
159	7
158	3
157	11
156	7
155	6
154	8
153	14
152	6
151	5
150	13
149	5
148	7
147	4
146	12
145	10
144	4
143	3
142	10
141	8
140	10
139	14
138	12
137	8
136	16
135	12
134	12
133	10
132	9
131	15
130	10
129	10
128	12
127	8
126	12
125	11
124	16
123	11
122	19
121	15
120	15
119	14
118	11
117	17
116	9
115	9
114	17
113	9
112	22
111	16
110	18
109	16
108	21
107	19
106	20
105	22
104	16
103	23
102	16
101	11
100	22
99	26
98	33
97	28
96	22
95	20
94	26
93	26
92	36
91	18
90	30
89	27
88	22
87	34
86	32
85	22
84	30
83	36
82	31
81	45
80	39
79	25
78	44
77	29
76	33
75	45
74	46
73	33
72	49
71	41
70	35
69	38
68	47
67	52
66	49
65	56
64	46
63	57
62	46
61	48
60	52
59	56
58	58
57	55
56	59
55	58
54	61
53	60
52	67
51	81
50	78
49	82
48	81
47	67
46	79
45	93
44	83
43	72
42	102
41	90
40	93
39	86
38	95
37	105
36	101
35	114
34	115
33	137
32	109
31	128
30	124
29	145
28	140
27	157
26	167
25	155
24	157
23	193
22	183
21	166
20	182
19	235
18	217
17	228
16	246
15	243
14	233
13	282
12	276
11	316
10	307
9	323
8	343
7	444
6	443
5	529
4	560
3	635
2	797
1	1067
