degree	count
4440	31
2029	19
2010	27
1908	14
1722	16
1696	24
1488	14
1439	16
1384	19
1383	16
1286	20
1094	19
1083	19
1081	27
1036	24
1032	23
967	25
944	19
941	27
830	23
818	23
792	23
769	28
753	26
748	27
730	2
728	24
717	26
713	25
708	7
684	26
680	1
672	1
668	24
654	20
645	24
644	18
639	26
636	16
629	22
622	25
616	25
613	19
611	19
607	16
606	25
605	24
581	16
575	14
568	17
561	41
559	12
556	16
552	25
551	14
544	19
538	22
530	18
522	5
520	7
513	15
512	9
509	15
497	11
492	14
491	13
480	21
471	15
465	22
456	4
451	10
446	12
444	8
443	6
433	8
432	5
428	8
427	7
421	7
418	6
414	8
411	5
405	5
404	6
402	4
400	2
399	7
397	1
396	6
395	2
389	4
388	3
386	1
385	2
384	1
382	3
380	6
378	2
374	1
371	1
368	4
361	3
360	1
355	1
354	2
346	1
341	1
340	1
339	1
338	2
334	1
332	1
326	2
322	1
311	1
307	1